Delta
-4.440892e-16
1.741166e-05
3.480302e-05
5.215383e-05
6.944385e-05
8.665294e-05
1.037610e-04
1.207482e-04
1.375947e-04
1.542808e-04
1.707871e-04
1.870944e-04
2.031837e-04
2.190362e-04
2.346336e-04
2.499576e-04
2.649905e-04
2.797148e-04
2.941133e-04
3.081696e-04
3.218672e-04
3.351904e-04
3.481238e-04
3.606526e-04
3.727624e-04
3.844395e-04
3.956705e-04
4.064429e-04
4.167445e-04
4.265638e-04
4.358902e-04
4.447133e-04
4.530238e-04
4.608127e-04
4.680721e-04
4.747946e-04
4.809735e-04
4.866030e-04
4.916780e-04
4.961941e-04
5.001479e-04
5.035366e-04
5.063582e-04
5.086119e-04
5.102971e-04
5.114146e-04
5.119657e-04
5.119527e-04
5.113786e-04
5.102473e-04
5.085637e-04
5.063333e-04
5.035624e-04
5.002585e-04
4.964294e-04
4.920841e-04
4.872322e-04
4.818841e-04
4.760510e-04
4.697449e-04
4.629785e-04
4.557650e-04
4.481187e-04
4.400542e-04
4.315869e-04
4.227328e-04
4.135085e-04
4.039312e-04
3.940186e-04
3.837888e-04
3.732606e-04
3.624530e-04
3.513855e-04
3.400780e-04
3.285507e-04
3.168241e-04
3.049189e-04
2.928562e-04
2.806570e-04
2.683426e-04
2.559345e-04
2.434541e-04
2.309228e-04
2.183620e-04
2.057932e-04
1.932376e-04
1.807163e-04
1.682502e-04
1.558601e-04
1.435663e-04
1.313890e-04
1.193480e-04
1.074627e-04
9.575198e-05
8.423449e-05
7.292822e-05
6.185067e-05
5.101879e-05
4.044894e-05
3.015687e-05
2.015764e-05
1.046568e-05
1.046568e-05
1.281484e-05
1.512007e-05
1.738057e-05
1.959554e-05
2.176420e-05
2.388583e-05
2.595969e-05
2.798509e-05
2.996138e-05
3.188789e-05
3.376403e-05
3.558920e-05
3.736284e-05
3.908442e-05
4.075343e-05
4.236940e-05
4.393186e-05
4.544040e-05
4.689463e-05
4.829418e-05
4.963871e-05
5.092791e-05
5.216151e-05
5.333924e-05
5.446090e-05
5.552628e-05
5.653523e-05
5.748761e-05
5.838331e-05
5.922225e-05
6.000440e-05
6.072974e-05
6.139826e-05
6.201003e-05
6.256510e-05
6.306357e-05
6.350558e-05
6.389128e-05
6.422086e-05
6.449452e-05
6.471252e-05
6.487513e-05
6.498264e-05
6.503538e-05
6.503371e-05
6.497801e-05
6.486869e-05
6.470618e-05
6.449096e-05
6.422351e-05
6.390436e-05
6.353403e-05
6.311311e-05
6.264219e-05
6.212189e-05
6.155285e-05
6.093574e-05
6.027126e-05
5.956013e-05
5.880307e-05
5.800087e-05
5.715430e-05
5.626417e-05
5.533132e-05
5.435659e-05
5.334086e-05
5.228503e-05
5.118999e-05
5.005670e-05
4.888609e-05
4.767914e-05
4.643684e-05
4.516020e-05
4.385023e-05
4.250798e-05
4.113451e-05
3.973088e-05
3.829818e-05
3.683751e-05
3.534999e-05
3.383674e-05
3.229891e-05
3.073765e-05
2.915412e-05
2.754950e-05
2.592498e-05
2.428174e-05
2.262100e-05
2.094397e-05
1.925188e-05
1.754594e-05
1.582740e-05
1.409750e-05
1.235749e-05
1.060862e-05
8.852148e-06
7.089335e-06
5.321446e-06
3.549748e-06
1.775509e-06
-1.367795e-13
-1.367795e-13
1.358957e-05
2.716526e-05
4.071319e-05
5.421953e-05
6.767049e-05
8.105234e-05
9.435144e-05
1.075542e-04
1.206473e-04
1.336174e-04
1.464512e-04
1.591359e-04
1.716585e-04
1.840064e-04
1.961673e-04
2.081288e-04
2.198789e-04
2.314060e-04
2.426986e-04
2.537453e-04
2.645353e-04
2.750578e-04
2.853027e-04
2.952597e-04
3.049193e-04
3.142719e-04
3.233087e-04
3.320208e-04
3.404001e-04
3.484384e-04
3.561283e-04
3.634625e-04
3.704342e-04
3.770370e-04
3.832648e-04
3.891122e-04
3.945737e-04
3.996447e-04
4.043207e-04
4.085977e-04
4.124723e-04
4.159411e-04
4.190016e-04
4.216513e-04
4.238885e-04
4.257116e-04
4.271195e-04
4.281117e-04
4.286879e-04
4.288482e-04
4.285933e-04
4.279241e-04
4.268420e-04
4.253488e-04
4.234467e-04
4.211382e-04
4.184263e-04
4.153143e-04
4.118058e-04
4.079049e-04
4.036161e-04
3.989440e-04
3.938937e-04
3.884707e-04
3.826808e-04
3.765299e-04
3.700246e-04
3.631714e-04
3.559775e-04
3.484500e-04
3.405965e-04
3.324250e-04
3.239434e-04
3.151601e-04
3.060837e-04
2.967231e-04
2.870874e-04
2.771857e-04
2.670277e-04
2.566230e-04
2.459815e-04
2.351133e-04
2.240286e-04
2.127379e-04
2.012518e-04
1.895809e-04
1.777362e-04
1.657286e-04
1.535693e-04
1.412695e-04
1.288406e-04
1.162939e-04
1.036410e-04
9.089360e-05
7.806324e-05
6.516170e-05
5.220075e-05
3.919224e-05
2.614801e-05
1.307996e-05
-4.440892e-16
-4.440892e-16
1.741166e-05
3.480302e-05
5.215383e-05
6.944385e-05
8.665294e-05
1.037610e-04
1.207482e-04
1.375947e-04
1.542808e-04
1.707871e-04
1.870944e-04
2.031837e-04
2.190362e-04
2.346336e-04
2.499576e-04
2.649905e-04
2.797148e-04
2.941133e-04
3.081696e-04
3.218672e-04
3.351904e-04
3.481238e-04
3.606526e-04
3.727624e-04
3.844395e-04
3.956705e-04
4.064429e-04
4.167445e-04
4.265638e-04
4.358902e-04
4.447133e-04
4.530238e-04
4.608127e-04
4.680721e-04
4.747946e-04
4.809735e-04
4.866030e-04
4.916780e-04
4.961941e-04
5.001479e-04
5.035366e-04
5.063582e-04
5.086119e-04
5.102971e-04
5.114146e-04
5.119657e-04
5.119527e-04
5.113786e-04
5.102473e-04
5.085637e-04
5.063333e-04
5.035624e-04
5.002585e-04
4.964294e-04
4.920841e-04
4.872322e-04
4.818841e-04
4.760510e-04
4.697449e-04
4.629785e-04
4.557650e-04
4.481187e-04
4.400542e-04
4.315869e-04
4.227328e-04
4.135085e-04
4.039312e-04
3.940186e-04
3.837888e-04
3.732606e-04
3.624530e-04
3.513855e-04
3.400780e-04
3.285507e-04
3.168241e-04
3.049189e-04
2.928562e-04
2.806570e-04
2.683426e-04
2.559345e-04
2.434541e-04
2.309228e-04
2.183620e-04
2.057932e-04
1.932376e-04
1.807163e-04
1.682502e-04
1.558601e-04
1.435663e-04
1.313890e-04
1.193480e-04
1.074627e-04
9.575198e-05
8.423449e-05
7.292822e-05
6.185067e-05
5.101879e-05
4.044894e-05
3.015687e-05
2.015764e-05
1.046568e-05
1.046568e-05
1.281484e-05
1.512007e-05
1.738057e-05
1.959554e-05
2.176420e-05
2.388583e-05
2.595969e-05
2.798509e-05
2.996138e-05
3.188789e-05
3.376403e-05
3.558920e-05
3.736284e-05
3.908442e-05
4.075343e-05
4.236940e-05
4.393186e-05
4.544040e-05
4.689463e-05
4.829418e-05
4.963871e-05
5.092791e-05
5.216151e-05
5.333924e-05
5.446090e-05
5.552628e-05
5.653523e-05
5.748761e-05
5.838331e-05
5.922225e-05
6.000440e-05
6.072974e-05
6.139826e-05
6.201003e-05
6.256510e-05
6.306357e-05
6.350558e-05
6.389128e-05
6.422086e-05
6.449452e-05
6.471252e-05
6.487513e-05
6.498264e-05
6.503538e-05
6.503371e-05
6.497801e-05
6.486869e-05
6.470618e-05
6.449096e-05
6.422351e-05
6.390436e-05
6.353403e-05
6.311311e-05
6.264219e-05
6.212189e-05
6.155285e-05
6.093574e-05
6.027126e-05
5.956013e-05
5.880307e-05
5.800087e-05
5.715430e-05
5.626417e-05
5.533132e-05
5.435659e-05
5.334086e-05
5.228503e-05
5.118999e-05
5.005670e-05
4.888609e-05
4.767914e-05
4.643684e-05
4.516020e-05
4.385023e-05
4.250798e-05
4.113451e-05
3.973088e-05
3.829818e-05
3.683751e-05
3.534999e-05
3.383674e-05
3.229891e-05
3.073765e-05
2.915412e-05
2.754950e-05
2.592498e-05
2.428174e-05
2.262100e-05
2.094397e-05
1.925188e-05
1.754594e-05
1.582740e-05
1.409750e-05
1.235749e-05
1.060862e-05
8.852148e-06
7.089335e-06
5.321446e-06
3.549748e-06
1.775509e-06
-1.367795e-13
-1.367795e-13
1.358957e-05
2.716526e-05
4.071319e-05
5.421953e-05
6.767049e-05
8.105234e-05
9.435144e-05
1.075542e-04
1.206473e-04
1.336174e-04
1.464512e-04
1.591359e-04
1.716585e-04
1.840064e-04
1.961673e-04
2.081288e-04
2.198789e-04
2.314060e-04
2.426986e-04
2.537453e-04
2.645353e-04
2.750578e-04
2.853027e-04
2.952597e-04
3.049193e-04
3.142719e-04
3.233087e-04
3.320208e-04
3.404001e-04
3.484384e-04
3.561283e-04
3.634625e-04
3.704342e-04
3.770370e-04
3.832648e-04
3.891122e-04
3.945737e-04
3.996447e-04
4.043207e-04
4.085977e-04
4.124723e-04
4.159411e-04
4.190016e-04
4.216513e-04
4.238885e-04
4.257116e-04
4.271195e-04
4.281117e-04
4.286879e-04
4.288482e-04
4.285933e-04
4.279241e-04
4.268420e-04
4.253488e-04
4.234467e-04
4.211382e-04
4.184263e-04
4.153143e-04
4.118058e-04
4.079049e-04
4.036161e-04
3.989440e-04
3.938937e-04
3.884707e-04
3.826808e-04
3.765299e-04
3.700246e-04
3.631714e-04
3.559775e-04
3.484500e-04
3.405965e-04
3.324250e-04
3.239434e-04
3.151601e-04
3.060837e-04
2.967231e-04
2.870874e-04
2.771857e-04
2.670277e-04
2.566230e-04
2.459815e-04
2.351133e-04
2.240286e-04
2.127379e-04
2.012518e-04
1.895809e-04
1.777362e-04
1.657286e-04
1.535693e-04
1.412695e-04
1.288406e-04
1.162939e-04
1.036410e-04
9.089360e-05
7.806324e-05
6.516170e-05
5.220075e-05
3.919224e-05
2.614801e-05
1.307996e-05
-4.440892e-16
