Delta
0.000000e+00
8.125789e-06
1.624244e-05
2.434081e-05
3.241180e-05
4.044632e-05
4.843532e-05
5.636980e-05
6.424083e-05
7.203953e-05
7.975710e-05
8.738483e-05
9.491410e-05
1.023364e-04
1.096434e-04
1.168267e-04
1.238782e-04
1.307901e-04
1.375543e-04
1.441633e-04
1.506096e-04
1.568858e-04
1.629849e-04
1.689000e-04
1.746243e-04
1.801515e-04
1.854753e-04
1.905896e-04
1.954889e-04
2.001676e-04
2.046206e-04
2.088430e-04
2.128301e-04
2.165777e-04
2.200818e-04
2.233388e-04
2.263451e-04
2.290980e-04
2.315947e-04
2.338328e-04
2.358105e-04
2.375261e-04
2.389784e-04
2.401665e-04
2.410900e-04
2.417488e-04
2.421431e-04
2.422736e-04
2.421413e-04
2.417478e-04
2.410948e-04
2.401846e-04
2.390198e-04
2.376033e-04
2.359387e-04
2.340296e-04
2.318802e-04
2.294950e-04
2.268790e-04
2.240373e-04
2.209756e-04
2.176999e-04
2.142164e-04
2.105317e-04
2.066528e-04
2.025870e-04
1.983417e-04
1.939248e-04
1.893445e-04
1.846090e-04
1.797269e-04
1.747071e-04
1.695586e-04
1.642907e-04
1.589126e-04
1.534341e-04
1.478647e-04
1.422144e-04
1.364930e-04
1.307105e-04
1.248772e-04
1.190030e-04
1.130983e-04
1.071730e-04
1.012375e-04
9.530183e-05
8.937608e-05
8.347028e-05
7.759434e-05
7.175808e-05
6.597119e-05
6.024321e-05
5.458351e-05
4.900126e-05
4.350547e-05
3.810488e-05
3.280802e-05
2.762316e-05
2.255829e-05
1.762114e-05
1.281910e-05
8.159265e-06
8.159265e-06
9.289442e-06
1.039793e-05
1.148432e-05
1.254822e-05
1.358926e-05
1.460705e-05
1.560124e-05
1.657150e-05
1.751748e-05
1.843887e-05
1.933537e-05
2.020668e-05
2.105253e-05
2.187265e-05
2.266680e-05
2.343472e-05
2.417621e-05
2.489105e-05
2.557905e-05
2.624003e-05
2.687382e-05
2.748027e-05
2.805925e-05
2.861062e-05
2.913428e-05
2.963013e-05
3.009811e-05
3.053813e-05
3.095016e-05
3.133414e-05
3.169008e-05
3.201794e-05
3.231775e-05
3.258953e-05
3.283330e-05
3.304913e-05
3.323708e-05
3.339722e-05
3.352965e-05
3.363448e-05
3.371183e-05
3.376184e-05
3.378465e-05
3.378043e-05
3.374936e-05
3.369162e-05
3.360743e-05
3.349700e-05
3.336057e-05
3.319837e-05
3.301066e-05
3.279772e-05
3.255982e-05
3.229726e-05
3.201036e-05
3.169943e-05
3.136479e-05
3.100681e-05
3.062582e-05
3.022221e-05
2.979634e-05
2.934860e-05
2.887940e-05
2.838915e-05
2.787827e-05
2.734719e-05
2.679635e-05
2.622620e-05
2.563720e-05
2.502983e-05
2.440456e-05
2.376188e-05
2.310229e-05
2.242629e-05
2.173440e-05
2.102714e-05
2.030502e-05
1.956860e-05
1.881842e-05
1.805501e-05
1.727894e-05
1.649078e-05
1.569108e-05
1.488042e-05
1.405939e-05
1.322856e-05
1.238852e-05
1.153987e-05
1.068321e-05
9.819128e-06
8.948242e-06
8.071155e-06
7.188479e-06
6.300829e-06
5.408820e-06
4.513072e-06
3.614204e-06
2.712840e-06
1.809601e-06
9.051131e-07
-7.105427e-14
-7.105427e-14
6.519748e-06
1.303259e-05
1.953161e-05
2.600995e-05
3.246074e-05
3.887717e-05
4.525245e-05
5.157987e-05
5.785277e-05
6.406456e-05
7.020873e-05
7.627885e-05
8.226861e-05
8.817178e-05
9.398224e-05
9.969400e-05
1.053012e-04
1.107981e-04
1.161791e-04
1.214387e-04
1.265717e-04
1.315729e-04
1.364373e-04
1.411601e-04
1.457367e-04
1.501627e-04
1.544337e-04
1.585457e-04
1.624947e-04
1.662771e-04
1.698895e-04
1.733283e-04
1.765907e-04
1.796737e-04
1.825745e-04
1.852908e-04
1.878202e-04
1.901607e-04
1.923104e-04
1.942677e-04
1.960313e-04
1.975997e-04
1.989722e-04
2.001477e-04
2.011259e-04
2.019062e-04
2.024885e-04
2.028728e-04
2.030594e-04
2.030486e-04
2.028411e-04
2.024376e-04
2.018392e-04
2.010470e-04
2.000624e-04
1.988870e-04
1.975224e-04
1.959705e-04
1.942333e-04
1.923132e-04
1.902124e-04
1.879334e-04
1.854790e-04
1.828519e-04
1.800552e-04
1.770918e-04
1.739651e-04
1.706784e-04
1.672351e-04
1.636389e-04
1.598934e-04
1.560025e-04
1.519701e-04
1.478002e-04
1.434970e-04
1.390646e-04
1.345073e-04
1.298296e-04
1.250358e-04
1.201306e-04
1.151185e-04
1.100042e-04
1.047924e-04
9.948796e-05
9.409570e-05
8.862053e-05
8.306741e-05
7.744133e-05
7.174734e-05
6.599050e-05
6.017595e-05
5.430882e-05
4.839429e-05
4.243756e-05
3.644386e-05
3.041843e-05
2.436654e-05
1.829346e-05
1.220448e-05
6.104892e-06
0.000000e+00
0.000000e+00
8.125789e-06
1.624244e-05
2.434081e-05
3.241180e-05
4.044632e-05
4.843532e-05
5.636980e-05
6.424083e-05
7.203953e-05
7.975710e-05
8.738483e-05
9.491410e-05
1.023364e-04
1.096434e-04
1.168267e-04
1.238782e-04
1.307901e-04
1.375543e-04
1.441633e-04
1.506096e-04
1.568858e-04
1.629849e-04
1.689000e-04
1.746243e-04
1.801515e-04
1.854753e-04
1.905896e-04
1.954889e-04
2.001676e-04
2.046206e-04
2.088430e-04
2.128301e-04
2.165777e-04
2.200818e-04
2.233388e-04
2.263451e-04
2.290980e-04
2.315947e-04
2.338328e-04
2.358105e-04
2.375261e-04
2.389784e-04
2.401665e-04
2.410900e-04
2.417488e-04
2.421431e-04
2.422736e-04
2.421413e-04
2.417478e-04
2.410948e-04
2.401846e-04
2.390198e-04
2.376033e-04
2.359387e-04
2.340296e-04
2.318802e-04
2.294950e-04
2.268790e-04
2.240373e-04
2.209756e-04
2.176999e-04
2.142164e-04
2.105317e-04
2.066528e-04
2.025870e-04
1.983417e-04
1.939248e-04
1.893445e-04
1.846090e-04
1.797269e-04
1.747071e-04
1.695586e-04
1.642907e-04
1.589126e-04
1.534341e-04
1.478647e-04
1.422144e-04
1.364930e-04
1.307105e-04
1.248772e-04
1.190030e-04
1.130983e-04
1.071730e-04
1.012375e-04
9.530183e-05
8.937608e-05
8.347028e-05
7.759434e-05
7.175808e-05
6.597119e-05
6.024321e-05
5.458351e-05
4.900126e-05
4.350547e-05
3.810488e-05
3.280802e-05
2.762316e-05
2.255829e-05
1.762114e-05
1.281910e-05
8.159265e-06
8.159265e-06
9.289442e-06
1.039793e-05
1.148432e-05
1.254822e-05
1.358926e-05
1.460705e-05
1.560124e-05
1.657150e-05
1.751748e-05
1.843887e-05
1.933537e-05
2.020668e-05
2.105253e-05
2.187265e-05
2.266680e-05
2.343472e-05
2.417621e-05
2.489105e-05
2.557905e-05
2.624003e-05
2.687382e-05
2.748027e-05
2.805925e-05
2.861062e-05
2.913428e-05
2.963013e-05
3.009811e-05
3.053813e-05
3.095016e-05
3.133414e-05
3.169008e-05
3.201794e-05
3.231775e-05
3.258953e-05
3.283330e-05
3.304913e-05
3.323708e-05
3.339722e-05
3.352965e-05
3.363448e-05
3.371183e-05
3.376184e-05
3.378465e-05
3.378043e-05
3.374936e-05
3.369162e-05
3.360743e-05
3.349700e-05
3.336057e-05
3.319837e-05
3.301066e-05
3.279772e-05
3.255982e-05
3.229726e-05
3.201036e-05
3.169943e-05
3.136479e-05
3.100681e-05
3.062582e-05
3.022221e-05
2.979634e-05
2.934860e-05
2.887940e-05
2.838915e-05
2.787827e-05
2.734719e-05
2.679635e-05
2.622620e-05
2.563720e-05
2.502983e-05
2.440456e-05
2.376188e-05
2.310229e-05
2.242629e-05
2.173440e-05
2.102714e-05
2.030502e-05
1.956860e-05
1.881842e-05
1.805501e-05
1.727894e-05
1.649078e-05
1.569108e-05
1.488042e-05
1.405939e-05
1.322856e-05
1.238852e-05
1.153987e-05
1.068321e-05
9.819128e-06
8.948242e-06
8.071155e-06
7.188479e-06
6.300829e-06
5.408820e-06
4.513072e-06
3.614204e-06
2.712840e-06
1.809601e-06
9.051131e-07
-7.105427e-14
-7.105427e-14
6.519748e-06
1.303259e-05
1.953161e-05
2.600995e-05
3.246074e-05
3.887717e-05
4.525245e-05
5.157987e-05
5.785277e-05
6.406456e-05
7.020873e-05
7.627885e-05
8.226861e-05
8.817178e-05
9.398224e-05
9.969400e-05
1.053012e-04
1.107981e-04
1.161791e-04
1.214387e-04
1.265717e-04
1.315729e-04
1.364373e-04
1.411601e-04
1.457367e-04
1.501627e-04
1.544337e-04
1.585457e-04
1.624947e-04
1.662771e-04
1.698895e-04
1.733283e-04
1.765907e-04
1.796737e-04
1.825745e-04
1.852908e-04
1.878202e-04
1.901607e-04
1.923104e-04
1.942677e-04
1.960313e-04
1.975997e-04
1.989722e-04
2.001477e-04
2.011259e-04
2.019062e-04
2.024885e-04
2.028728e-04
2.030594e-04
2.030486e-04
2.028411e-04
2.024376e-04
2.018392e-04
2.010470e-04
2.000624e-04
1.988870e-04
1.975224e-04
1.959705e-04
1.942333e-04
1.923132e-04
1.902124e-04
1.879334e-04
1.854790e-04
1.828519e-04
1.800552e-04
1.770918e-04
1.739651e-04
1.706784e-04
1.672351e-04
1.636389e-04
1.598934e-04
1.560025e-04
1.519701e-04
1.478002e-04
1.434970e-04
1.390646e-04
1.345073e-04
1.298296e-04
1.250358e-04
1.201306e-04
1.151185e-04
1.100042e-04
1.047924e-04
9.948796e-05
9.409570e-05
8.862053e-05
8.306741e-05
7.744133e-05
7.174734e-05
6.599050e-05
6.017595e-05
5.430882e-05
4.839429e-05
4.243756e-05
3.644386e-05
3.041843e-05
2.436654e-05
1.829346e-05
1.220448e-05
6.104892e-06
0.000000e+00
