         mode 1          mode 2
   1.230929e+00    2.540205e+00
   1.232241e+00    2.541527e+00
   1.236157e+00    2.545543e+00
   1.242674e+00    2.552250e+00
   1.251788e+00    2.561643e+00
   1.263493e+00    2.573711e+00
   1.277782e+00    2.588446e+00
   1.294644e+00    2.605832e+00
   1.314070e+00    2.625854e+00
   1.336044e+00    2.648493e+00
   1.360553e+00    2.673726e+00
   1.387577e+00    2.701531e+00
   1.417098e+00    2.731879e+00
   1.449093e+00    2.764739e+00
   1.483538e+00    2.800079e+00
   1.520405e+00    2.837861e+00
   1.559665e+00    2.878047e+00
   1.601287e+00    2.920593e+00
   1.645235e+00    2.965454e+00
   1.691472e+00    3.012581e+00
   1.739959e+00    3.061921e+00
   1.790654e+00    3.113419e+00
   1.843511e+00    3.167018e+00
   1.898484e+00    3.222657e+00
   1.955523e+00    3.280270e+00
   2.014574e+00    3.339791e+00
   2.075585e+00    3.401151e+00
   2.138498e+00    3.464277e+00
   2.203253e+00    3.529093e+00
   2.269789e+00    3.595523e+00
   2.338044e+00    3.663485e+00
   2.407950e+00    3.732898e+00
   2.479442e+00    3.803677e+00
   2.552448e+00    3.875734e+00
   2.626899e+00    3.948982e+00
   2.702721e+00    4.023329e+00
   2.779840e+00    4.098683e+00
   2.858179e+00    4.174950e+00
   2.937662e+00    4.252034e+00
   3.018209e+00    4.329837e+00
   3.099741e+00    4.408263e+00
   3.182177e+00    4.487211e+00
   3.265434e+00    4.566581e+00
   3.349430e+00    4.646271e+00
   3.434082e+00    4.726182e+00
   3.519304e+00    4.806209e+00
   3.605013e+00    4.886252e+00
   3.691124e+00    4.966206e+00
   3.777551e+00    5.045971e+00
   3.864209e+00    5.125442e+00
   3.951013e+00    5.204520e+00
   4.037877e+00    5.283101e+00
   4.124718e+00    5.361085e+00
   4.211450e+00    5.438373e+00
   4.297991e+00    5.514866e+00
   4.384256e+00    5.590467e+00
   4.470164e+00    5.665078e+00
   4.555635e+00    5.738607e+00
   4.640587e+00    5.810961e+00
   4.724943e+00    5.882049e+00
   4.808624e+00    5.951782e+00
   4.891557e+00    6.020074e+00
   4.973666e+00    6.086842e+00
   5.054879e+00    6.152005e+00
   5.135127e+00    6.215484e+00
   5.214340e+00    6.277204e+00
   5.292454e+00    6.337094e+00
   5.369404e+00    6.395083e+00
   5.445129e+00    6.451107e+00
   5.519571e+00    6.505103e+00
   5.592672e+00    6.557014e+00
   5.664381e+00    6.606784e+00
   5.734645e+00    6.654364e+00
   5.803417e+00    6.699705e+00
   5.870652e+00    6.742767e+00
   5.936308e+00    6.783510e+00
   6.000346e+00    6.821900e+00
   6.062730e+00    6.857908e+00
   6.123427e+00    6.891509e+00
   6.182407e+00    6.922681e+00
   6.239645e+00    6.951409e+00
   6.295115e+00    6.977681e+00
   6.348799e+00    7.001490e+00
   6.400679e+00    7.022834e+00
   6.450741e+00    7.041715e+00
   6.498973e+00    7.058141e+00
   6.545368e+00    7.072125e+00
   6.589919e+00    7.083683e+00
   6.632623e+00    7.092839e+00
   6.673479e+00    7.099620e+00
   6.712487e+00    7.104060e+00
   6.749648e+00    7.106202e+00
   6.784962e+00    7.106093e+00
   6.818425e+00    7.103793e+00
   6.850026e+00    7.099376e+00
   6.879736e+00    7.092942e+00
   6.907485e+00    7.084635e+00
   6.933114e+00    7.074699e+00
   6.956219e+00    7.063623e+00
   6.975654e+00    7.052651e+00
   6.987958e+00    7.045342e+00
   6.987106e+00    7.047826e+00
   6.987106e+00    7.047826e+00
   6.985548e+00    7.048985e+00
   6.980885e+00    7.052452e+00
   6.973893e+00    7.057463e+00
   6.965276e+00    7.063329e+00
   6.955507e+00    7.069594e+00
   6.944871e+00    7.075986e+00
   6.933546e+00    7.082345e+00
   6.921641e+00    7.088575e+00
   6.909232e+00    7.094619e+00
   6.896371e+00    7.100440e+00
   6.883096e+00    7.106016e+00
   6.869438e+00    7.111332e+00
   6.855423e+00    7.116382e+00
   6.841072e+00    7.121160e+00
   6.826403e+00    7.125665e+00
   6.811434e+00    7.129897e+00
   6.796182e+00    7.133858e+00
   6.780660e+00    7.137550e+00
   6.764884e+00    7.140977e+00
   6.748868e+00    7.144143e+00
   6.732624e+00    7.147053e+00
   6.716168e+00    7.149710e+00
   6.699510e+00    7.152122e+00
   6.682666e+00    7.154292e+00
   6.665646e+00    7.156227e+00
   6.648465e+00    7.157933e+00
   6.631135e+00    7.159415e+00
   6.613668e+00    7.160680e+00
   6.596077e+00    7.161734e+00
   6.578375e+00    7.162582e+00
   6.560573e+00    7.163232e+00
   6.542685e+00    7.163690e+00
   6.524723e+00    7.163961e+00
   6.506698e+00    7.164053e+00
   6.488624e+00    7.163972e+00
   6.470513e+00    7.163724e+00
   6.452376e+00    7.163316e+00
   6.434225e+00    7.162754e+00
   6.416074e+00    7.162045e+00
   6.397933e+00    7.161195e+00
   6.379815e+00    7.160211e+00
   6.361731e+00    7.159098e+00
   6.343694e+00    7.157864e+00
   6.325715e+00    7.156514e+00
   6.307805e+00    7.155055e+00
   6.289977e+00    7.153494e+00
   6.272241e+00    7.151836e+00
   6.254609e+00    7.150087e+00
   6.237092e+00    7.148254e+00
   6.219701e+00    7.146343e+00
   6.202447e+00    7.144359e+00
   6.185341e+00    7.142310e+00
   6.168394e+00    7.140199e+00
   6.151616e+00    7.138034e+00
   6.135018e+00    7.135820e+00
   6.118610e+00    7.133563e+00
   6.102403e+00    7.131268e+00
   6.086406e+00    7.128941e+00
   6.070629e+00    7.126587e+00
   6.055082e+00    7.124211e+00
   6.039775e+00    7.121819e+00
   6.024716e+00    7.119416e+00
   6.009916e+00    7.117007e+00
   5.995382e+00    7.114597e+00
   5.981125e+00    7.112190e+00
   5.967152e+00    7.109792e+00
   5.953473e+00    7.107406e+00
   5.940095e+00    7.105039e+00
   5.927027e+00    7.102693e+00
   5.914276e+00    7.100374e+00
   5.901850e+00    7.098085e+00
   5.889757e+00    7.095831e+00
   5.878004e+00    7.093615e+00
   5.866598e+00    7.091442e+00
   5.855545e+00    7.089315e+00
   5.844853e+00    7.087238e+00
   5.834528e+00    7.085214e+00
   5.824575e+00    7.083247e+00
   5.815002e+00    7.081339e+00
   5.805813e+00    7.079495e+00
   5.797015e+00    7.077716e+00
   5.788611e+00    7.076006e+00
   5.780608e+00    7.074368e+00
   5.773010e+00    7.072804e+00
   5.765822e+00    7.071316e+00
   5.759048e+00    7.069907e+00
   5.752691e+00    7.068579e+00
   5.746756e+00    7.067335e+00
   5.741246e+00    7.066175e+00
   5.736164e+00    7.065102e+00
   5.731514e+00    7.064117e+00
   5.727298e+00    7.063223e+00
   5.723519e+00    7.062419e+00
   5.720178e+00    7.061708e+00
   5.717278e+00    7.061090e+00
   5.714821e+00    7.060567e+00
   5.712808e+00    7.060139e+00
   5.711240e+00    7.059807e+00
   5.710118e+00    7.059571e+00
   5.709443e+00    7.059432e+00
   5.709214e+00    7.059390e+00
   5.709214e+00    7.059390e+00
   5.707892e+00    7.058362e+00
   5.704251e+00    7.054981e+00
   5.698296e+00    7.049250e+00
   5.690032e+00    7.041177e+00
   5.679471e+00    7.030771e+00
   5.666623e+00    7.018044e+00
   5.651502e+00    7.003012e+00
   5.634127e+00    6.985692e+00
   5.614515e+00    6.966105e+00
   5.592689e+00    6.944274e+00
   5.568674e+00    6.920226e+00
   5.542495e+00    6.893988e+00
   5.514182e+00    6.865591e+00
   5.483767e+00    6.835070e+00
   5.451283e+00    6.802460e+00
   5.416766e+00    6.767798e+00
   5.380255e+00    6.731126e+00
   5.341790e+00    6.692486e+00
   5.301413e+00    6.651923e+00
   5.259169e+00    6.609483e+00
   5.215104e+00    6.565215e+00
   5.169268e+00    6.519171e+00
   5.121711e+00    6.471402e+00
   5.072484e+00    6.421963e+00
   5.021643e+00    6.370909e+00
   4.969242e+00    6.318297e+00
   4.915340e+00    6.264188e+00
   4.859994e+00    6.208639e+00
   4.803266e+00    6.151713e+00
   4.745217e+00    6.093473e+00
   4.685910e+00    6.033982e+00
   4.625410e+00    5.973304e+00
   4.563781e+00    5.911505e+00
   4.501091e+00    5.848652e+00
   4.437406e+00    5.784811e+00
   4.372796e+00    5.720050e+00
   4.307328e+00    5.654438e+00
   4.241074e+00    5.588042e+00
   4.174102e+00    5.520932e+00
   4.106485e+00    5.453178e+00
   4.038293e+00    5.384849e+00
   3.969597e+00    5.316014e+00
   3.900471e+00    5.246743e+00
   3.830985e+00    5.177107e+00
   3.761212e+00    5.107174e+00
   3.691224e+00    5.037015e+00
   3.621091e+00    4.966698e+00
   3.550887e+00    4.896293e+00
   3.480682e+00    4.825869e+00
   3.410548e+00    4.755494e+00
   3.340553e+00    4.685235e+00
   3.270768e+00    4.615160e+00
   3.201263e+00    4.545336e+00
   3.132105e+00    4.475829e+00
   3.063362e+00    4.406704e+00
   2.995101e+00    4.338026e+00
   2.927387e+00    4.269860e+00
   2.860284e+00    4.202267e+00
   2.793857e+00    4.135311e+00
   2.728168e+00    4.069053e+00
   2.663277e+00    4.003553e+00
   2.599244e+00    3.938871e+00
   2.536129e+00    3.875065e+00
   2.473987e+00    3.812192e+00
   2.412874e+00    3.750308e+00
   2.352845e+00    3.689469e+00
   2.293951e+00    3.629728e+00
   2.236245e+00    3.571138e+00
   2.179774e+00    3.513749e+00
   2.124588e+00    3.457613e+00
   2.070731e+00    3.402777e+00
   2.018247e+00    3.349290e+00
   1.967180e+00    3.297195e+00
   1.917571e+00    3.246539e+00
   1.869457e+00    3.197363e+00
   1.822877e+00    3.149709e+00
   1.777866e+00    3.103617e+00
   1.734457e+00    3.059125e+00
   1.692683e+00    3.016270e+00
   1.652573e+00    2.975085e+00
   1.614156e+00    2.935606e+00
   1.577458e+00    2.897862e+00
   1.542505e+00    2.861884e+00
   1.509319e+00    2.827701e+00
   1.477923e+00    2.795338e+00
   1.448337e+00    2.764820e+00
   1.420578e+00    2.736170e+00
   1.394663e+00    2.709410e+00
   1.370609e+00    2.684560e+00
   1.348429e+00    2.661636e+00
   1.328136e+00    2.640656e+00
   1.309742e+00    2.621634e+00
   1.293256e+00    2.604583e+00
   1.278687e+00    2.589515e+00
   1.266044e+00    2.576439e+00
   1.255333e+00    2.565365e+00
   1.246560e+00    2.556298e+00
   1.239730e+00    2.549246e+00
   1.234847e+00    2.544211e+00
   1.231912e+00    2.541197e+00
   1.230929e+00    2.540205e+00
   1.230929e+00    2.540205e+00
   1.232241e+00    2.541527e+00
   1.236157e+00    2.545543e+00
   1.242674e+00    2.552250e+00
   1.251788e+00    2.561643e+00
   1.263493e+00    2.573711e+00
   1.277782e+00    2.588446e+00
   1.294644e+00    2.605832e+00
   1.314070e+00    2.625854e+00
   1.336044e+00    2.648493e+00
   1.360553e+00    2.673726e+00
   1.387577e+00    2.701531e+00
   1.417098e+00    2.731879e+00
   1.449093e+00    2.764739e+00
   1.483538e+00    2.800079e+00
   1.520405e+00    2.837861e+00
   1.559665e+00    2.878047e+00
   1.601287e+00    2.920593e+00
   1.645235e+00    2.965454e+00
   1.691472e+00    3.012581e+00
   1.739959e+00    3.061921e+00
   1.790654e+00    3.113419e+00
   1.843511e+00    3.167018e+00
   1.898484e+00    3.222657e+00
   1.955523e+00    3.280270e+00
   2.014574e+00    3.339791e+00
   2.075585e+00    3.401151e+00
   2.138498e+00    3.464277e+00
   2.203253e+00    3.529093e+00
   2.269789e+00    3.595523e+00
   2.338044e+00    3.663485e+00
   2.407950e+00    3.732898e+00
   2.479442e+00    3.803677e+00
   2.552448e+00    3.875734e+00
   2.626899e+00    3.948982e+00
   2.702721e+00    4.023329e+00
   2.779840e+00    4.098683e+00
   2.858179e+00    4.174950e+00
   2.937662e+00    4.252034e+00
   3.018209e+00    4.329837e+00
   3.099741e+00    4.408263e+00
   3.182177e+00    4.487211e+00
   3.265434e+00    4.566581e+00
   3.349430e+00    4.646271e+00
   3.434082e+00    4.726182e+00
   3.519304e+00    4.806209e+00
   3.605013e+00    4.886252e+00
   3.691124e+00    4.966206e+00
   3.777551e+00    5.045971e+00
   3.864209e+00    5.125442e+00
   3.951013e+00    5.204520e+00
   4.037877e+00    5.283101e+00
   4.124718e+00    5.361085e+00
   4.211450e+00    5.438373e+00
   4.297991e+00    5.514866e+00
   4.384256e+00    5.590467e+00
   4.470164e+00    5.665078e+00
   4.555635e+00    5.738607e+00
   4.640587e+00    5.810961e+00
   4.724943e+00    5.882049e+00
   4.808624e+00    5.951782e+00
   4.891557e+00    6.020074e+00
   4.973666e+00    6.086842e+00
   5.054879e+00    6.152005e+00
   5.135127e+00    6.215484e+00
   5.214340e+00    6.277204e+00
   5.292454e+00    6.337094e+00
   5.369404e+00    6.395083e+00
   5.445129e+00    6.451107e+00
   5.519571e+00    6.505103e+00
   5.592672e+00    6.557014e+00
   5.664381e+00    6.606784e+00
   5.734645e+00    6.654364e+00
   5.803417e+00    6.699705e+00
   5.870652e+00    6.742767e+00
   5.936308e+00    6.783510e+00
   6.000346e+00    6.821900e+00
   6.062730e+00    6.857908e+00
   6.123427e+00    6.891509e+00
   6.182407e+00    6.922681e+00
   6.239645e+00    6.951409e+00
   6.295115e+00    6.977681e+00
   6.348799e+00    7.001490e+00
   6.400679e+00    7.022834e+00
   6.450741e+00    7.041715e+00
   6.498973e+00    7.058141e+00
   6.545368e+00    7.072125e+00
   6.589919e+00    7.083683e+00
   6.632623e+00    7.092839e+00
   6.673479e+00    7.099620e+00
   6.712487e+00    7.104060e+00
   6.749648e+00    7.106202e+00
   6.784962e+00    7.106093e+00
   6.818425e+00    7.103793e+00
   6.850026e+00    7.099376e+00
   6.879736e+00    7.092942e+00
   6.907485e+00    7.084635e+00
   6.933114e+00    7.074699e+00
   6.956219e+00    7.063623e+00
   6.975654e+00    7.052651e+00
   6.987958e+00    7.045342e+00
   6.987106e+00    7.047826e+00
   6.987106e+00    7.047826e+00
   6.985548e+00    7.048985e+00
   6.980885e+00    7.052452e+00
   6.973893e+00    7.057463e+00
   6.965276e+00    7.063329e+00
   6.955507e+00    7.069594e+00
   6.944871e+00    7.075986e+00
   6.933546e+00    7.082345e+00
   6.921641e+00    7.088575e+00
   6.909232e+00    7.094619e+00
   6.896371e+00    7.100440e+00
   6.883096e+00    7.106016e+00
   6.869438e+00    7.111332e+00
   6.855423e+00    7.116382e+00
   6.841072e+00    7.121160e+00
   6.826403e+00    7.125665e+00
   6.811434e+00    7.129897e+00
   6.796182e+00    7.133858e+00
   6.780660e+00    7.137550e+00
   6.764884e+00    7.140977e+00
   6.748868e+00    7.144143e+00
   6.732624e+00    7.147053e+00
   6.716168e+00    7.149710e+00
   6.699510e+00    7.152122e+00
   6.682666e+00    7.154292e+00
   6.665646e+00    7.156227e+00
   6.648465e+00    7.157933e+00
   6.631135e+00    7.159415e+00
   6.613668e+00    7.160680e+00
   6.596077e+00    7.161734e+00
   6.578375e+00    7.162582e+00
   6.560573e+00    7.163232e+00
   6.542685e+00    7.163690e+00
   6.524723e+00    7.163961e+00
   6.506698e+00    7.164053e+00
   6.488624e+00    7.163972e+00
   6.470513e+00    7.163724e+00
   6.452376e+00    7.163316e+00
   6.434225e+00    7.162754e+00
   6.416074e+00    7.162045e+00
   6.397933e+00    7.161195e+00
   6.379815e+00    7.160211e+00
   6.361731e+00    7.159098e+00
   6.343694e+00    7.157864e+00
   6.325715e+00    7.156514e+00
   6.307805e+00    7.155055e+00
   6.289977e+00    7.153494e+00
   6.272241e+00    7.151836e+00
   6.254609e+00    7.150087e+00
   6.237092e+00    7.148254e+00
   6.219701e+00    7.146343e+00
   6.202447e+00    7.144359e+00
   6.185341e+00    7.142310e+00
   6.168394e+00    7.140199e+00
   6.151616e+00    7.138034e+00
   6.135018e+00    7.135820e+00
   6.118610e+00    7.133563e+00
   6.102403e+00    7.131268e+00
   6.086406e+00    7.128941e+00
   6.070629e+00    7.126587e+00
   6.055082e+00    7.124211e+00
   6.039775e+00    7.121819e+00
   6.024716e+00    7.119416e+00
   6.009916e+00    7.117007e+00
   5.995382e+00    7.114597e+00
   5.981125e+00    7.112190e+00
   5.967152e+00    7.109792e+00
   5.953473e+00    7.107406e+00
   5.940095e+00    7.105039e+00
   5.927027e+00    7.102693e+00
   5.914276e+00    7.100374e+00
   5.901850e+00    7.098085e+00
   5.889757e+00    7.095831e+00
   5.878004e+00    7.093615e+00
   5.866598e+00    7.091442e+00
   5.855545e+00    7.089315e+00
   5.844853e+00    7.087238e+00
   5.834528e+00    7.085214e+00
   5.824575e+00    7.083247e+00
   5.815002e+00    7.081339e+00
   5.805813e+00    7.079495e+00
   5.797015e+00    7.077716e+00
   5.788611e+00    7.076006e+00
   5.780608e+00    7.074368e+00
   5.773010e+00    7.072804e+00
   5.765822e+00    7.071316e+00
   5.759048e+00    7.069907e+00
   5.752691e+00    7.068579e+00
   5.746756e+00    7.067335e+00
   5.741246e+00    7.066175e+00
   5.736164e+00    7.065102e+00
   5.731514e+00    7.064117e+00
   5.727298e+00    7.063223e+00
   5.723519e+00    7.062419e+00
   5.720178e+00    7.061708e+00
   5.717278e+00    7.061090e+00
   5.714821e+00    7.060567e+00
   5.712808e+00    7.060139e+00
   5.711240e+00    7.059807e+00
   5.710118e+00    7.059571e+00
   5.709443e+00    7.059432e+00
   5.709214e+00    7.059390e+00
   5.709214e+00    7.059390e+00
   5.707892e+00    7.058362e+00
   5.704251e+00    7.054981e+00
   5.698296e+00    7.049250e+00
   5.690032e+00    7.041177e+00
   5.679471e+00    7.030771e+00
   5.666623e+00    7.018044e+00
   5.651502e+00    7.003012e+00
   5.634127e+00    6.985692e+00
   5.614515e+00    6.966105e+00
   5.592689e+00    6.944274e+00
   5.568674e+00    6.920226e+00
   5.542495e+00    6.893988e+00
   5.514182e+00    6.865591e+00
   5.483767e+00    6.835070e+00
   5.451283e+00    6.802460e+00
   5.416766e+00    6.767798e+00
   5.380255e+00    6.731126e+00
   5.341790e+00    6.692486e+00
   5.301413e+00    6.651923e+00
   5.259169e+00    6.609483e+00
   5.215104e+00    6.565215e+00
   5.169268e+00    6.519171e+00
   5.121711e+00    6.471402e+00
   5.072484e+00    6.421963e+00
   5.021643e+00    6.370909e+00
   4.969242e+00    6.318297e+00
   4.915340e+00    6.264188e+00
   4.859994e+00    6.208639e+00
   4.803266e+00    6.151713e+00
   4.745217e+00    6.093473e+00
   4.685910e+00    6.033982e+00
   4.625410e+00    5.973304e+00
   4.563781e+00    5.911505e+00
   4.501091e+00    5.848652e+00
   4.437406e+00    5.784811e+00
   4.372796e+00    5.720050e+00
   4.307328e+00    5.654438e+00
   4.241074e+00    5.588042e+00
   4.174102e+00    5.520932e+00
   4.106485e+00    5.453178e+00
   4.038293e+00    5.384849e+00
   3.969597e+00    5.316014e+00
   3.900471e+00    5.246743e+00
   3.830985e+00    5.177107e+00
   3.761212e+00    5.107174e+00
   3.691224e+00    5.037015e+00
   3.621091e+00    4.966698e+00
   3.550887e+00    4.896293e+00
   3.480682e+00    4.825869e+00
   3.410548e+00    4.755494e+00
   3.340553e+00    4.685235e+00
   3.270768e+00    4.615160e+00
   3.201263e+00    4.545336e+00
   3.132105e+00    4.475829e+00
   3.063362e+00    4.406704e+00
   2.995101e+00    4.338026e+00
   2.927387e+00    4.269860e+00
   2.860284e+00    4.202267e+00
   2.793857e+00    4.135311e+00
   2.728168e+00    4.069053e+00
   2.663277e+00    4.003553e+00
   2.599244e+00    3.938871e+00
   2.536129e+00    3.875065e+00
   2.473987e+00    3.812192e+00
   2.412874e+00    3.750308e+00
   2.352845e+00    3.689469e+00
   2.293951e+00    3.629728e+00
   2.236245e+00    3.571138e+00
   2.179774e+00    3.513749e+00
   2.124588e+00    3.457613e+00
   2.070731e+00    3.402777e+00
   2.018247e+00    3.349290e+00
   1.967180e+00    3.297195e+00
   1.917571e+00    3.246539e+00
   1.869457e+00    3.197363e+00
   1.822877e+00    3.149709e+00
   1.777866e+00    3.103617e+00
   1.734457e+00    3.059125e+00
   1.692683e+00    3.016270e+00
   1.652573e+00    2.975085e+00
   1.614156e+00    2.935606e+00
   1.577458e+00    2.897862e+00
   1.542505e+00    2.861884e+00
   1.509319e+00    2.827701e+00
   1.477923e+00    2.795338e+00
   1.448337e+00    2.764820e+00
   1.420578e+00    2.736170e+00
   1.394663e+00    2.709410e+00
   1.370609e+00    2.684560e+00
   1.348429e+00    2.661636e+00
   1.328136e+00    2.640656e+00
   1.309742e+00    2.621634e+00
   1.293256e+00    2.604583e+00
   1.278687e+00    2.589515e+00
   1.266044e+00    2.576439e+00
   1.255333e+00    2.565365e+00
   1.246560e+00    2.556298e+00
   1.239730e+00    2.549246e+00
   1.234847e+00    2.544211e+00
   1.231912e+00    2.541197e+00
   1.230929e+00    2.540205e+00
