Delta
-4.440892e-16
1.741166e-05
3.480302e-05
5.215383e-05
6.944385e-05
8.665294e-05
1.037610e-04
1.207482e-04
1.375947e-04
1.542808e-04
1.707871e-04
1.870944e-04
2.031837e-04
2.190362e-04
2.346336e-04
2.499576e-04
2.649905e-04
2.797148e-04
2.941133e-04
3.081696e-04
3.218672e-04
3.351904e-04
3.481238e-04
3.606526e-04
3.727624e-04
3.844395e-04
3.956705e-04
4.064429e-04
4.167445e-04
4.265638e-04
4.358902e-04
4.447133e-04
4.530238e-04
4.608127e-04
4.680721e-04
4.747946e-04
4.809735e-04
4.866030e-04
4.916780e-04
4.961941e-04
5.001479e-04
5.035366e-04
5.063582e-04
5.086119e-04
5.102971e-04
5.114146e-04
5.119657e-04
5.119527e-04
5.113786e-04
5.102473e-04
5.085637e-04
5.063333e-04
5.035624e-04
5.002585e-04
4.964294e-04
4.920841e-04
4.872322e-04
4.818841e-04
4.760510e-04
4.697449e-04
4.629785e-04
4.557650e-04
4.481187e-04
4.400542e-04
4.315869e-04
4.227328e-04
4.135085e-04
4.039312e-04
3.940186e-04
3.837888e-04
3.732606e-04
3.624530e-04
3.513855e-04
3.400780e-04
3.285507e-04
3.168241e-04
3.049189e-04
2.928562e-04
2.806570e-04
2.683426e-04
2.559345e-04
2.434541e-04
2.309228e-04
2.183620e-04
2.057932e-04
1.932376e-04
1.807163e-04
1.682502e-04
1.558601e-04
1.435663e-04
1.313890e-04
1.193480e-04
1.074627e-04
9.575198e-05
8.423449e-05
7.292822e-05
6.185067e-05
5.101879e-05
4.044894e-05
3.015687e-05
2.015764e-05
1.046568e-05
-1.046568e-05
-5.739241e-06
-1.094698e-06
3.466347e-06
7.942342e-06
1.233178e-05
1.663321e-05
2.084523e-05
2.496647e-05
2.899563e-05
3.293145e-05
3.677274e-05
4.051833e-05
4.416713e-05
4.771808e-05
5.117021e-05
5.452256e-05
5.777425e-05
6.092444e-05
6.397237e-05
6.691730e-05
6.975858e-05
7.249558e-05
7.512776e-05
7.765462e-05
8.007570e-05
8.239063e-05
8.459907e-05
8.670074e-05
8.869544e-05
9.058299e-05
9.236329e-05
9.403629e-05
9.560199e-05
9.706047e-05
9.841183e-05
9.965626e-05
1.007940e-04
1.018253e-04
1.027505e-04
1.035700e-04
1.042843e-04
1.048939e-04
1.053993e-04
1.058011e-04
1.061001e-04
1.062968e-04
1.063922e-04
1.063870e-04
1.062821e-04
1.060783e-04
1.057768e-04
1.053785e-04
1.048845e-04
1.042959e-04
1.036139e-04
1.028398e-04
1.019746e-04
1.010199e-04
9.997686e-05
9.884699e-05
9.763170e-05
9.633247e-05
9.495085e-05
9.348839e-05
9.194671e-05
9.032747e-05
8.863234e-05
8.686307e-05
8.502141e-05
8.310917e-05
8.112818e-05
7.908031e-05
7.696747e-05
7.479159e-05
7.255465e-05
7.025863e-05
6.790556e-05
6.549751e-05
6.303656e-05
6.052481e-05
5.796439e-05
5.535748e-05
5.270624e-05
5.001288e-05
4.727963e-05
4.450872e-05
4.170243e-05
3.886303e-05
3.599281e-05
3.309410e-05
3.016921e-05
2.722048e-05
2.425027e-05
2.126093e-05
1.825483e-05
1.523436e-05
1.220190e-05
9.159828e-06
6.110557e-06
3.056480e-06
-2.140510e-13
-2.140510e-13
-2.753553e-07
-5.501046e-07
-8.236442e-07
-1.095374e-06
-1.364699e-06
-1.631034e-06
-1.893799e-06
-2.152430e-06
-2.406372e-06
-2.655086e-06
-2.898050e-06
-3.134759e-06
-3.364729e-06
-3.587493e-06
-3.802611e-06
-4.009663e-06
-4.208256e-06
-4.398022e-06
-4.578619e-06
-4.749735e-06
-4.911085e-06
-5.062414e-06
-5.203497e-06
-5.334139e-06
-5.454179e-06
-5.563483e-06
-5.661951e-06
-5.749514e-06
-5.826135e-06
-5.891809e-06
-5.946559e-06
-5.990443e-06
-6.023546e-06
-6.045984e-06
-6.057903e-06
-6.059476e-06
-6.050903e-06
-6.032411e-06
-6.004253e-06
-5.966705e-06
-5.920067e-06
-5.864660e-06
-5.800825e-06
-5.728922e-06
-5.649328e-06
-5.562438e-06
-5.468658e-06
-5.368408e-06
-5.262119e-06
-5.150230e-06
-5.033189e-06
-4.911448e-06
-4.785465e-06
-4.655697e-06
-4.522605e-06
-4.386646e-06
-4.248275e-06
-4.107942e-06
-3.966091e-06
-3.823157e-06
-3.679566e-06
-3.535734e-06
-3.392062e-06
-3.248938e-06
-3.106736e-06
-2.965813e-06
-2.826505e-06
-2.689134e-06
-2.553998e-06
-2.421377e-06
-2.291527e-06
-2.164683e-06
-2.041056e-06
-1.920835e-06
-1.804182e-06
-1.691238e-06
-1.582116e-06
-1.476907e-06
-1.375675e-06
-1.278460e-06
-1.185279e-06
-1.096121e-06
-1.010955e-06
-9.297251e-07
-8.523515e-07
-7.787336e-07
-7.087490e-07
-6.422549e-07
-5.790889e-07
-5.190701e-07
-4.620003e-07
-4.076651e-07
-3.558349e-07
-3.062668e-07
-2.587054e-07
-2.128845e-07
-1.685286e-07
-1.253543e-07
-8.307161e-08
-4.138612e-08
-4.440892e-16
-4.440892e-16
-4.138612e-08
-8.307162e-08
-1.253543e-07
-1.685286e-07
-2.128845e-07
-2.587054e-07
-3.062668e-07
-3.558349e-07
-4.076651e-07
-4.620003e-07
-5.190701e-07
-5.790889e-07
-6.422549e-07
-7.087490e-07
-7.787336e-07
-8.523515e-07
-9.297251e-07
-1.010955e-06
-1.096121e-06
-1.185279e-06
-1.278460e-06
-1.375675e-06
-1.476907e-06
-1.582116e-06
-1.691238e-06
-1.804182e-06
-1.920835e-06
-2.041056e-06
-2.164683e-06
-2.291527e-06
-2.421377e-06
-2.553998e-06
-2.689134e-06
-2.826505e-06
-2.965813e-06
-3.106736e-06
-3.248938e-06
-3.392062e-06
-3.535734e-06
-3.679566e-06
-3.823157e-06
-3.966091e-06
-4.107942e-06
-4.248275e-06
-4.386646e-06
-4.522605e-06
-4.655697e-06
-4.785465e-06
-4.911448e-06
-5.033189e-06
-5.150230e-06
-5.262119e-06
-5.368408e-06
-5.468658e-06
-5.562438e-06
-5.649328e-06
-5.728922e-06
-5.800825e-06
-5.864660e-06
-5.920067e-06
-5.966705e-06
-6.004253e-06
-6.032411e-06
-6.050903e-06
-6.059476e-06
-6.057903e-06
-6.045984e-06
-6.023546e-06
-5.990443e-06
-5.946559e-06
-5.891809e-06
-5.826135e-06
-5.749514e-06
-5.661951e-06
-5.563483e-06
-5.454179e-06
-5.334139e-06
-5.203497e-06
-5.062414e-06
-4.911085e-06
-4.749735e-06
-4.578619e-06
-4.398022e-06
-4.208256e-06
-4.009663e-06
-3.802611e-06
-3.587493e-06
-3.364729e-06
-3.134759e-06
-2.898050e-06
-2.655086e-06
-2.406372e-06
-2.152430e-06
-1.893799e-06
-1.631034e-06
-1.364699e-06
-1.095374e-06
-8.236442e-07
-5.501046e-07
-2.753553e-07
-2.140510e-13
-2.140510e-13
3.056480e-06
6.110557e-06
9.159828e-06
1.220190e-05
1.523436e-05
1.825483e-05
2.126093e-05
2.425027e-05
2.722048e-05
3.016921e-05
3.309410e-05
3.599281e-05
3.886303e-05
4.170243e-05
4.450872e-05
4.727963e-05
5.001288e-05
5.270624e-05
5.535748e-05
5.796439e-05
6.052481e-05
6.303656e-05
6.549751e-05
6.790556e-05
7.025863e-05
7.255465e-05
7.479159e-05
7.696747e-05
7.908031e-05
8.112818e-05
8.310917e-05
8.502141e-05
8.686307e-05
8.863234e-05
9.032747e-05
9.194671e-05
9.348839e-05
9.495085e-05
9.633247e-05
9.763170e-05
9.884699e-05
9.997686e-05
1.010199e-04
1.019746e-04
1.028398e-04
1.036139e-04
1.042959e-04
1.048845e-04
1.053785e-04
1.057768e-04
1.060783e-04
1.062821e-04
1.063870e-04
1.063922e-04
1.062968e-04
1.061001e-04
1.058011e-04
1.053993e-04
1.048939e-04
1.042843e-04
1.035700e-04
1.027505e-04
1.018253e-04
1.007940e-04
9.965626e-05
9.841183e-05
9.706047e-05
9.560199e-05
9.403629e-05
9.236329e-05
9.058299e-05
8.869544e-05
8.670074e-05
8.459907e-05
8.239063e-05
8.007570e-05
7.765462e-05
7.512776e-05
7.249558e-05
6.975858e-05
6.691730e-05
6.397237e-05
6.092444e-05
5.777425e-05
5.452256e-05
5.117021e-05
4.771808e-05
4.416713e-05
4.051833e-05
3.677274e-05
3.293145e-05
2.899563e-05
2.496647e-05
2.084523e-05
1.663321e-05
1.233178e-05
7.942342e-06
3.466347e-06
-1.094698e-06
-5.739241e-06
-1.046568e-05
1.046568e-05
2.015764e-05
3.015687e-05
4.044894e-05
5.101879e-05
6.185067e-05
7.292822e-05
8.423449e-05
9.575198e-05
1.074627e-04
1.193480e-04
1.313890e-04
1.435663e-04
1.558601e-04
1.682502e-04
1.807163e-04
1.932376e-04
2.057932e-04
2.183620e-04
2.309228e-04
2.434541e-04
2.559345e-04
2.683426e-04
2.806570e-04
2.928562e-04
3.049189e-04
3.168241e-04
3.285507e-04
3.400780e-04
3.513855e-04
3.624530e-04
3.732606e-04
3.837888e-04
3.940186e-04
4.039312e-04
4.135085e-04
4.227328e-04
4.315869e-04
4.400542e-04
4.481187e-04
4.557650e-04
4.629785e-04
4.697449e-04
4.760510e-04
4.818841e-04
4.872322e-04
4.920841e-04
4.964294e-04
5.002585e-04
5.035624e-04
5.063333e-04
5.085637e-04
5.102473e-04
5.113786e-04
5.119527e-04
5.119657e-04
5.114146e-04
5.102971e-04
5.086119e-04
5.063582e-04
5.035366e-04
5.001479e-04
4.961941e-04
4.916780e-04
4.866030e-04
4.809735e-04
4.747946e-04
4.680721e-04
4.608127e-04
4.530238e-04
4.447133e-04
4.358902e-04
4.265638e-04
4.167445e-04
4.064429e-04
3.956705e-04
3.844395e-04
3.727624e-04
3.606526e-04
3.481238e-04
3.351904e-04
3.218672e-04
3.081696e-04
2.941133e-04
2.797148e-04
2.649905e-04
2.499576e-04
2.346336e-04
2.190362e-04
2.031837e-04
1.870944e-04
1.707871e-04
1.542808e-04
1.375947e-04
1.207482e-04
1.037610e-04
8.665294e-05
6.944385e-05
5.215383e-05
3.480302e-05
1.741166e-05
-4.440892e-16
-4.440892e-16
-4.440892e-16
-4.440892e-16
-4.440892e-16
-4.440892e-16
-4.440892e-16
-4.440892e-16
-4.440892e-16
-4.440892e-16
-4.440892e-16
-4.440892e-16
-4.440892e-16
-4.440892e-16
-4.440892e-16
-4.440892e-16
-4.440892e-16
-4.440892e-16
-4.440892e-16
-4.440892e-16
-4.440892e-16
-4.440892e-16
-4.440892e-16
-4.440892e-16
-4.440892e-16
-4.440892e-16
-4.440892e-16
-4.440892e-16
-4.440892e-16
-4.440892e-16
-4.440892e-16
-4.440892e-16
-4.440892e-16
-4.440892e-16
-4.440892e-16
-4.440892e-16
-4.440892e-16
-4.440892e-16
-4.440892e-16
-4.440892e-16
-4.440892e-16
-4.440892e-16
-4.440892e-16
-4.440892e-16
-4.440892e-16
-4.440892e-16
-4.440892e-16
-4.440892e-16
-4.440892e-16
-4.440892e-16
-4.440892e-16
-4.440892e-16
-4.440892e-16
-4.440892e-16
-4.440892e-16
-4.440892e-16
-4.440892e-16
-4.440892e-16
-4.440892e-16
-4.440892e-16
-4.440892e-16
-4.440892e-16
-4.440892e-16
-4.440892e-16
-4.440892e-16
-4.440892e-16
-4.440892e-16
-4.440892e-16
-4.440892e-16
-4.440892e-16
-4.440892e-16
-4.440892e-16
-4.440892e-16
-4.440892e-16
-4.440892e-16
-4.440892e-16
-4.440892e-16
-4.440892e-16
-4.440892e-16
-4.440892e-16
-4.440892e-16
-4.440892e-16
-4.440892e-16
-4.440892e-16
-4.440892e-16
-4.440892e-16
-4.440892e-16
-4.440892e-16
-4.440892e-16
-4.440892e-16
-4.440892e-16
-4.440892e-16
-4.440892e-16
-4.440892e-16
-4.440892e-16
-4.440892e-16
-4.440892e-16
-4.440892e-16
-4.440892e-16
-4.440892e-16
-4.440892e-16
-4.440892e-16
-4.440892e-16
2.144951e-13
1.400710e-05
2.799924e-05
4.196148e-05
5.587895e-05
6.973678e-05
8.352024e-05
9.721465e-05
1.108055e-04
1.242783e-04
1.376190e-04
1.508133e-04
1.638474e-04
1.767077e-04
1.893806e-04
2.018531e-04
2.141122e-04
2.261451e-04
2.379396e-04
2.494835e-04
2.607652e-04
2.717732e-04
2.824965e-04
2.929243e-04
3.030464e-04
3.128528e-04
3.223339e-04
3.314806e-04
3.402842e-04
3.487363e-04
3.568290e-04
3.645549e-04
3.719069e-04
3.788786e-04
3.854636e-04
3.916564e-04
3.974518e-04
4.028449e-04
4.078315e-04
4.124077e-04
4.165700e-04
4.203156e-04
4.236421e-04
4.265472e-04
4.290296e-04
4.310880e-04
4.327217e-04
4.339306e-04
4.347148e-04
4.350750e-04
4.350121e-04
4.345277e-04
4.336236e-04
4.323021e-04
4.305659e-04
4.284181e-04
4.258620e-04
4.229015e-04
4.195407e-04
4.157842e-04
4.116369e-04
4.071040e-04
4.021909e-04
3.969036e-04
3.912481e-04
3.852310e-04
3.788589e-04
3.721388e-04
3.650781e-04
3.576842e-04
3.499648e-04
3.419281e-04
3.335822e-04
3.249356e-04
3.159968e-04
3.067749e-04
2.972787e-04
2.875175e-04
2.775007e-04
2.672378e-04
2.567385e-04
2.460126e-04
2.350701e-04
2.239212e-04
2.125759e-04
2.010447e-04
1.893379e-04
1.774661e-04
1.654399e-04
1.532700e-04
1.409671e-04
1.285422e-04
1.160061e-04
1.033697e-04
9.064416e-05
7.784044e-05
6.496964e-05
5.204291e-05
3.907140e-05
2.606628e-05
1.303874e-05
-4.440892e-16
-4.440892e-16
1.303874e-05
2.606628e-05
3.907140e-05
5.204291e-05
6.496964e-05
7.784044e-05
9.064416e-05
1.033697e-04
1.160061e-04
1.285422e-04
1.409671e-04
1.532700e-04
1.654399e-04
1.774661e-04
1.893379e-04
2.010447e-04
2.125759e-04
2.239212e-04
2.350701e-04
2.460126e-04
2.567385e-04
2.672378e-04
2.775007e-04
2.875175e-04
2.972787e-04
3.067749e-04
3.159968e-04
3.249356e-04
3.335822e-04
3.419281e-04
3.499648e-04
3.576842e-04
3.650781e-04
3.721388e-04
3.788589e-04
3.852310e-04
3.912481e-04
3.969036e-04
4.021909e-04
4.071040e-04
4.116369e-04
4.157842e-04
4.195407e-04
4.229015e-04
4.258620e-04
4.284181e-04
4.305659e-04
4.323021e-04
4.336236e-04
4.345277e-04
4.350121e-04
4.350750e-04
4.347148e-04
4.339306e-04
4.327217e-04
4.310880e-04
4.290296e-04
4.265472e-04
4.236421e-04
4.203156e-04
4.165700e-04
4.124077e-04
4.078315e-04
4.028449e-04
3.974518e-04
3.916564e-04
3.854636e-04
3.788786e-04
3.719069e-04
3.645549e-04
3.568290e-04
3.487363e-04
3.402842e-04
3.314806e-04
3.223339e-04
3.128528e-04
3.030464e-04
2.929243e-04
2.824965e-04
2.717732e-04
2.607652e-04
2.494835e-04
2.379396e-04
2.261451e-04
2.141122e-04
2.018531e-04
1.893806e-04
1.767077e-04
1.638474e-04
1.508133e-04
1.376190e-04
1.242783e-04
1.108055e-04
9.721465e-05
8.352024e-05
6.973678e-05
5.587895e-05
4.196148e-05
2.799924e-05
1.400710e-05
2.144951e-13
