  0.00000000   0.00000000   0.00000000
  0.00000000   0.00495050   0.00000000
  0.00000000   0.00990099   0.00000000
  0.00000000   0.01485149   0.00000000
  0.00000000   0.01980198   0.00000000
  0.00000000   0.02475248   0.00000000
  0.00000000   0.02970297   0.00000000
  0.00000000   0.03465347   0.00000000
  0.00000000   0.03960396   0.00000000
  0.00000000   0.04455446   0.00000000
  0.00000000   0.04950495   0.00000000
  0.00000000   0.05445545   0.00000000
  0.00000000   0.05940594   0.00000000
  0.00000000   0.06435644   0.00000000
  0.00000000   0.06930693   0.00000000
  0.00000000   0.07425743   0.00000000
  0.00000000   0.07920792   0.00000000
  0.00000000   0.08415842   0.00000000
  0.00000000   0.08910891   0.00000000
  0.00000000   0.09405941   0.00000000
  0.00000000   0.09900990   0.00000000
  0.00000000   0.10396040   0.00000000
  0.00000000   0.10891089   0.00000000
  0.00000000   0.11386139   0.00000000
  0.00000000   0.11881188   0.00000000
  0.00000000   0.12376238   0.00000000
  0.00000000   0.12871287   0.00000000
  0.00000000   0.13366337   0.00000000
  0.00000000   0.13861386   0.00000000
  0.00000000   0.14356436   0.00000000
  0.00000000   0.14851485   0.00000000
  0.00000000   0.15346535   0.00000000
  0.00000000   0.15841584   0.00000000
  0.00000000   0.16336634   0.00000000
  0.00000000   0.16831683   0.00000000
  0.00000000   0.17326733   0.00000000
  0.00000000   0.17821782   0.00000000
  0.00000000   0.18316832   0.00000000
  0.00000000   0.18811881   0.00000000
  0.00000000   0.19306931   0.00000000
  0.00000000   0.19801980   0.00000000
  0.00000000   0.20297030   0.00000000
  0.00000000   0.20792079   0.00000000
  0.00000000   0.21287129   0.00000000
  0.00000000   0.21782178   0.00000000
  0.00000000   0.22277228   0.00000000
  0.00000000   0.22772277   0.00000000
  0.00000000   0.23267327   0.00000000
  0.00000000   0.23762376   0.00000000
  0.00000000   0.24257426   0.00000000
  0.00000000   0.24752475   0.00000000
  0.00000000   0.25247525   0.00000000
  0.00000000   0.25742574   0.00000000
  0.00000000   0.26237624   0.00000000
  0.00000000   0.26732673   0.00000000
  0.00000000   0.27227723   0.00000000
  0.00000000   0.27722772   0.00000000
  0.00000000   0.28217822   0.00000000
  0.00000000   0.28712871   0.00000000
  0.00000000   0.29207921   0.00000000
  0.00000000   0.29702970   0.00000000
  0.00000000   0.30198020   0.00000000
  0.00000000   0.30693069   0.00000000
  0.00000000   0.31188119   0.00000000
  0.00000000   0.31683168   0.00000000
  0.00000000   0.32178218   0.00000000
  0.00000000   0.32673267   0.00000000
  0.00000000   0.33168317   0.00000000
  0.00000000   0.33663366   0.00000000
  0.00000000   0.34158416   0.00000000
  0.00000000   0.34653465   0.00000000
  0.00000000   0.35148515   0.00000000
  0.00000000   0.35643564   0.00000000
  0.00000000   0.36138614   0.00000000
  0.00000000   0.36633663   0.00000000
  0.00000000   0.37128713   0.00000000
  0.00000000   0.37623762   0.00000000
  0.00000000   0.38118812   0.00000000
  0.00000000   0.38613861   0.00000000
  0.00000000   0.39108911   0.00000000
  0.00000000   0.39603960   0.00000000
  0.00000000   0.40099010   0.00000000
  0.00000000   0.40594059   0.00000000
  0.00000000   0.41089109   0.00000000
  0.00000000   0.41584158   0.00000000
  0.00000000   0.42079208   0.00000000
  0.00000000   0.42574257   0.00000000
  0.00000000   0.43069307   0.00000000
  0.00000000   0.43564356   0.00000000
  0.00000000   0.44059406   0.00000000
  0.00000000   0.44554455   0.00000000
  0.00000000   0.45049505   0.00000000
  0.00000000   0.45544554   0.00000000
  0.00000000   0.46039604   0.00000000
  0.00000000   0.46534653   0.00000000
  0.00000000   0.47029703   0.00000000
  0.00000000   0.47524752   0.00000000
  0.00000000   0.48019802   0.00000000
  0.00000000   0.48514851   0.00000000
  0.00000000   0.49009901   0.00000000
  0.00000000   0.49504950   0.00000000
  0.00000000   0.50000000   0.00000000
  