         mode 1          mode 2
   8.462609e-01    4.908773e+00
   8.478261e-01    4.909628e+00
   8.525139e-01    4.912270e+00
   8.603205e-01    4.916696e+00
   8.712393e-01    4.922902e+00
   8.852613e-01    4.930884e+00
   9.023747e-01    4.940636e+00
   9.225652e-01    4.952149e+00
   9.458158e-01    4.965415e+00
   9.721067e-01    4.980423e+00
   1.001416e+00    4.997159e+00
   1.033718e+00    5.015611e+00
   1.068985e+00    5.035761e+00
   1.107186e+00    5.057594e+00
   1.148289e+00    5.081088e+00
   1.192257e+00    5.106224e+00
   1.239052e+00    5.132978e+00
   1.288630e+00    5.161325e+00
   1.340949e+00    5.191239e+00
   1.395960e+00    5.222690e+00
   1.453614e+00    5.255648e+00
   1.513858e+00    5.290079e+00
   1.576635e+00    5.325949e+00
   1.641888e+00    5.363221e+00
   1.709556e+00    5.401855e+00
   1.779575e+00    5.441811e+00
   1.851879e+00    5.483044e+00
   1.926398e+00    5.525511e+00
   2.003063e+00    5.569162e+00
   2.081798e+00    5.613950e+00
   2.162529e+00    5.659822e+00
   2.245178e+00    5.706725e+00
   2.329663e+00    5.754605e+00
   2.415903e+00    5.803403e+00
   2.503814e+00    5.853060e+00
   2.593309e+00    5.903517e+00
   2.684301e+00    5.954711e+00
   2.776700e+00    6.006577e+00
   2.870416e+00    6.059051e+00
   2.965357e+00    6.112064e+00
   3.061428e+00    6.165548e+00
   3.158536e+00    6.219434e+00
   3.256585e+00    6.273651e+00
   3.355478e+00    6.328126e+00
   3.455118e+00    6.382786e+00
   3.555409e+00    6.437557e+00
   3.656251e+00    6.492365e+00
   3.757546e+00    6.547133e+00
   3.859196e+00    6.601787e+00
   3.961102e+00    6.656249e+00
   4.063167e+00    6.710443e+00
   4.165292e+00    6.764292e+00
   4.267379e+00    6.817719e+00
   4.369332e+00    6.870648e+00
   4.471055e+00    6.923002e+00
   4.572452e+00    6.974706e+00
   4.673430e+00    7.025684e+00
   4.773895e+00    7.075861e+00
   4.873757e+00    7.125165e+00
   4.972924e+00    7.173523e+00
   5.071309e+00    7.220863e+00
   5.168826e+00    7.267116e+00
   5.265389e+00    7.312214e+00
   5.360915e+00    7.356089e+00
   5.455325e+00    7.398678e+00
   5.548541e+00    7.439917e+00
   5.640486e+00    7.479747e+00
   5.731088e+00    7.518109e+00
   5.820276e+00    7.554948e+00
   5.907982e+00    7.590211e+00
   5.994141e+00    7.623848e+00
   6.078691e+00    7.655812e+00
   6.161572e+00    7.686058e+00
   6.242728e+00    7.714548e+00
   6.322107e+00    7.741242e+00
   6.399657e+00    7.766108e+00
   6.475331e+00    7.789117e+00
   6.549085e+00    7.810241e+00
   6.620878e+00    7.829460e+00
   6.690671e+00    7.846756e+00
   6.758428e+00    7.862117e+00
   6.824116e+00    7.875534e+00
   6.887704e+00    7.887005e+00
   6.949163e+00    7.896532e+00
   7.008465e+00    7.904125e+00
   7.065583e+00    7.909799e+00
   7.120491e+00    7.913577e+00
   7.173161e+00    7.915491e+00
   7.223560e+00    7.915583e+00
   7.271654e+00    7.913910e+00
   7.317397e+00    7.910540e+00
   7.360730e+00    7.905567e+00
   7.401575e+00    7.899111e+00
   7.439819e+00    7.891331e+00
   7.475302e+00    7.882441e+00
   7.507791e+00    7.872736e+00
   7.536941e+00    7.862629e+00
   7.562253e+00    7.852693e+00
   7.583023e+00    7.843714e+00
   7.598345e+00    7.836683e+00
   7.607262e+00    7.832651e+00
   7.609110e+00    7.832378e+00
   7.608685e+00    7.832844e+00
   7.607078e+00    7.834011e+00
   7.603767e+00    7.836094e+00
   7.598861e+00    7.838998e+00
   7.592497e+00    7.842600e+00
   7.584818e+00    7.846771e+00
   7.575969e+00    7.851382e+00
   7.566081e+00    7.856314e+00
   7.555277e+00    7.861462e+00
   7.543660e+00    7.866737e+00
   7.531321e+00    7.872063e+00
   7.518339e+00    7.877378e+00
   7.504779e+00    7.882633e+00
   7.490700e+00    7.887786e+00
   7.476150e+00    7.892804e+00
   7.461172e+00    7.897661e+00
   7.445803e+00    7.902337e+00
   7.430077e+00    7.906816e+00
   7.414023e+00    7.911086e+00
   7.397668e+00    7.915137e+00
   7.381036e+00    7.918963e+00
   7.364149e+00    7.922558e+00
   7.347028e+00    7.925921e+00
   7.329692e+00    7.929050e+00
   7.312159e+00    7.931945e+00
   7.294448e+00    7.934607e+00
   7.276573e+00    7.937037e+00
   7.258551e+00    7.939238e+00
   7.240398e+00    7.941213e+00
   7.222128e+00    7.942966e+00
   7.203755e+00    7.944501e+00
   7.185293e+00    7.945822e+00
   7.166757e+00    7.946935e+00
   7.148159e+00    7.947844e+00
   7.129512e+00    7.948556e+00
   7.110831e+00    7.949075e+00
   7.092126e+00    7.949408e+00
   7.073411e+00    7.949560e+00
   7.054699e+00    7.949537e+00
   7.036001e+00    7.949347e+00
   7.017330e+00    7.948994e+00
   6.998697e+00    7.948486e+00
   6.980115e+00    7.947829e+00
   6.961595e+00    7.947029e+00
   6.943148e+00    7.946093e+00
   6.924787e+00    7.945027e+00
   6.906522e+00    7.943839e+00
   6.888365e+00    7.942534e+00
   6.870326e+00    7.941119e+00
   6.852417e+00    7.939600e+00
   6.834649e+00    7.937984e+00
   6.817031e+00    7.936278e+00
   6.799575e+00    7.934488e+00
   6.782292e+00    7.932620e+00
   6.765190e+00    7.930681e+00
   6.748282e+00    7.928677e+00
   6.731575e+00    7.926613e+00
   6.715081e+00    7.924497e+00
   6.698810e+00    7.922334e+00
   6.682769e+00    7.920131e+00
   6.666970e+00    7.917892e+00
   6.651421e+00    7.915625e+00
   6.636131e+00    7.913334e+00
   6.621110e+00    7.911025e+00
   6.606365e+00    7.908705e+00
   6.591906e+00    7.906377e+00
   6.577740e+00    7.904049e+00
   6.563877e+00    7.901723e+00
   6.550324e+00    7.899407e+00
   6.537088e+00    7.897105e+00
   6.524178e+00    7.894822e+00
   6.511601e+00    7.892562e+00
   6.499364e+00    7.890330e+00
   6.487474e+00    7.888130e+00
   6.475938e+00    7.885968e+00
   6.464763e+00    7.883847e+00
   6.453955e+00    7.881771e+00
   6.443520e+00    7.879745e+00
   6.433463e+00    7.877771e+00
   6.423792e+00    7.875855e+00
   6.414511e+00    7.873999e+00
   6.405626e+00    7.872206e+00
   6.397141e+00    7.870481e+00
   6.389062e+00    7.868825e+00
   6.381393e+00    7.867243e+00
   6.374139e+00    7.865736e+00
   6.367303e+00    7.864308e+00
   6.360889e+00    7.862961e+00
   6.354902e+00    7.861697e+00
   6.349344e+00    7.860519e+00
   6.344219e+00    7.859428e+00
   6.339530e+00    7.858427e+00
   6.335279e+00    7.857516e+00
   6.331468e+00    7.856699e+00
   6.328100e+00    7.855975e+00
   6.325177e+00    7.855347e+00
   6.322701e+00    7.854815e+00
   6.320672e+00    7.854380e+00
   6.319092e+00    7.854044e+00
   6.317962e+00    7.853805e+00
   6.317282e+00    7.853666e+00
   6.317053e+00    7.853626e+00
   6.317053e+00    7.853626e+00
   6.315496e+00    7.852970e+00
   6.310826e+00    7.851002e+00
   6.303051e+00    7.847721e+00
   6.292186e+00    7.843125e+00
   6.278254e+00    7.837213e+00
   6.261278e+00    7.829981e+00
   6.241293e+00    7.821426e+00
   6.218334e+00    7.811546e+00
   6.192443e+00    7.800337e+00
   6.163666e+00    7.787797e+00
   6.132053e+00    7.773926e+00
   6.097658e+00    7.758723e+00
   6.060539e+00    7.742190e+00
   6.020755e+00    7.724329e+00
   5.978371e+00    7.705144e+00
   5.933451e+00    7.684643e+00
   5.886064e+00    7.662833e+00
   5.836280e+00    7.639726e+00
   5.784170e+00    7.615334e+00
   5.729807e+00    7.589673e+00
   5.673267e+00    7.562761e+00
   5.614626e+00    7.534618e+00
   5.553960e+00    7.505267e+00
   5.491348e+00    7.474732e+00
   5.426868e+00    7.443041e+00
   5.360602e+00    7.410222e+00
   5.292628e+00    7.376309e+00
   5.223028e+00    7.341334e+00
   5.151884e+00    7.305333e+00
   5.079279e+00    7.268344e+00
   5.005294e+00    7.230406e+00
   4.930013e+00    7.191560e+00
   4.853518e+00    7.151849e+00
   4.775894e+00    7.111316e+00
   4.697223e+00    7.070006e+00
   4.617591e+00    7.027967e+00
   4.537079e+00    6.985245e+00
   4.455773e+00    6.941888e+00
   4.373756e+00    6.897947e+00
   4.291112e+00    6.853471e+00
   4.207923e+00    6.808510e+00
   4.124273e+00    6.763116e+00
   4.040245e+00    6.717339e+00
   3.955922e+00    6.671232e+00
   3.871385e+00    6.624847e+00
   3.786716e+00    6.578235e+00
   3.701996e+00    6.531448e+00
   3.617305e+00    6.484538e+00
   3.532723e+00    6.437557e+00
   3.448330e+00    6.390556e+00
   3.364202e+00    6.343586e+00
   3.280418e+00    6.296698e+00
   3.197053e+00    6.249942e+00
   3.114184e+00    6.203367e+00
   3.031884e+00    6.157023e+00
   2.950227e+00    6.110957e+00
   2.869285e+00    6.065217e+00
   2.789130e+00    6.019851e+00
   2.709829e+00    5.974902e+00
   2.631454e+00    5.930418e+00
   2.554069e+00    5.886441e+00
   2.477741e+00    5.843015e+00
   2.402535e+00    5.800181e+00
   2.328513e+00    5.757981e+00
   2.255736e+00    5.716454e+00
   2.184265e+00    5.675640e+00
   2.114158e+00    5.635575e+00
   2.045471e+00    5.596297e+00
   1.978260e+00    5.557840e+00
   1.912577e+00    5.520238e+00
   1.848475e+00    5.483525e+00
   1.786004e+00    5.447731e+00
   1.725212e+00    5.412888e+00
   1.666145e+00    5.379024e+00
   1.608849e+00    5.346168e+00
   1.553366e+00    5.314345e+00
   1.499738e+00    5.283582e+00
   1.448005e+00    5.253903e+00
   1.398204e+00    5.225329e+00
   1.350372e+00    5.197884e+00
   1.304542e+00    5.171588e+00
   1.260747e+00    5.146460e+00
   1.219019e+00    5.122519e+00
   1.179386e+00    5.099780e+00
   1.141875e+00    5.078261e+00
   1.106512e+00    5.057976e+00
   1.073322e+00    5.038939e+00
   1.042325e+00    5.021162e+00
   1.013544e+00    5.004658e+00
   9.869966e-01    4.989436e+00
   9.627003e-01    4.975506e+00
   9.406711e-01    4.962878e+00
   9.209231e-01    4.951558e+00
   9.034690e-01    4.941555e+00
   8.883198e-01    4.932873e+00
   8.754852e-01    4.925518e+00
   8.649731e-01    4.919494e+00
   8.567903e-01    4.914806e+00
   8.509418e-01    4.911455e+00
   8.474313e-01    4.909443e+00
   8.462609e-01    4.908773e+00
   8.462609e-01    4.908773e+00
   8.474313e-01    4.909443e+00
   8.509418e-01    4.911455e+00
   8.567903e-01    4.914806e+00
   8.649731e-01    4.919494e+00
   8.754852e-01    4.925518e+00
   8.883198e-01    4.932873e+00
   9.034690e-01    4.941555e+00
   9.209231e-01    4.951558e+00
   9.406711e-01    4.962878e+00
   9.627003e-01    4.975506e+00
   9.869966e-01    4.989436e+00
   1.013544e+00    5.004658e+00
   1.042325e+00    5.021162e+00
   1.073322e+00    5.038939e+00
   1.106512e+00    5.057976e+00
   1.141875e+00    5.078261e+00
   1.179386e+00    5.099780e+00
   1.219019e+00    5.122519e+00
   1.260747e+00    5.146460e+00
   1.304542e+00    5.171588e+00
   1.350372e+00    5.197884e+00
   1.398204e+00    5.225329e+00
   1.448005e+00    5.253903e+00
   1.499738e+00    5.283582e+00
   1.553366e+00    5.314345e+00
   1.608849e+00    5.346168e+00
   1.666145e+00    5.379024e+00
   1.725212e+00    5.412888e+00
   1.786004e+00    5.447731e+00
   1.848475e+00    5.483525e+00
   1.912577e+00    5.520238e+00
   1.978260e+00    5.557840e+00
   2.045471e+00    5.596297e+00
   2.114158e+00    5.635575e+00
   2.184265e+00    5.675640e+00
   2.255736e+00    5.716454e+00
   2.328513e+00    5.757981e+00
   2.402535e+00    5.800181e+00
   2.477741e+00    5.843015e+00
   2.554069e+00    5.886441e+00
   2.631454e+00    5.930418e+00
   2.709829e+00    5.974902e+00
   2.789130e+00    6.019851e+00
   2.869285e+00    6.065217e+00
   2.950227e+00    6.110957e+00
   3.031884e+00    6.157023e+00
   3.114184e+00    6.203367e+00
   3.197053e+00    6.249942e+00
   3.280418e+00    6.296698e+00
   3.364202e+00    6.343586e+00
   3.448330e+00    6.390556e+00
   3.532723e+00    6.437557e+00
   3.617305e+00    6.484538e+00
   3.701996e+00    6.531448e+00
   3.786716e+00    6.578235e+00
   3.871385e+00    6.624847e+00
   3.955922e+00    6.671232e+00
   4.040245e+00    6.717339e+00
   4.124273e+00    6.763116e+00
   4.207923e+00    6.808510e+00
   4.291112e+00    6.853471e+00
   4.373756e+00    6.897947e+00
   4.455773e+00    6.941888e+00
   4.537079e+00    6.985245e+00
   4.617591e+00    7.027967e+00
   4.697223e+00    7.070006e+00
   4.775894e+00    7.111316e+00
   4.853518e+00    7.151849e+00
   4.930013e+00    7.191560e+00
   5.005294e+00    7.230406e+00
   5.079279e+00    7.268344e+00
   5.151884e+00    7.305333e+00
   5.223028e+00    7.341334e+00
   5.292628e+00    7.376309e+00
   5.360602e+00    7.410222e+00
   5.426868e+00    7.443041e+00
   5.491348e+00    7.474732e+00
   5.553960e+00    7.505267e+00
   5.614626e+00    7.534618e+00
   5.673267e+00    7.562761e+00
   5.729807e+00    7.589673e+00
   5.784170e+00    7.615334e+00
   5.836280e+00    7.639726e+00
   5.886064e+00    7.662833e+00
   5.933451e+00    7.684643e+00
   5.978371e+00    7.705144e+00
   6.020755e+00    7.724329e+00
   6.060539e+00    7.742190e+00
   6.097658e+00    7.758723e+00
   6.132053e+00    7.773926e+00
   6.163666e+00    7.787797e+00
   6.192443e+00    7.800337e+00
   6.218334e+00    7.811546e+00
   6.241293e+00    7.821426e+00
   6.261278e+00    7.829981e+00
   6.278254e+00    7.837213e+00
   6.292186e+00    7.843125e+00
   6.303051e+00    7.847721e+00
   6.310826e+00    7.851002e+00
   6.315496e+00    7.852970e+00
   6.317053e+00    7.853626e+00
   6.317053e+00    7.853626e+00
   6.317282e+00    7.853666e+00
   6.317962e+00    7.853805e+00
   6.319092e+00    7.854044e+00
   6.320672e+00    7.854380e+00
   6.322701e+00    7.854815e+00
   6.325177e+00    7.855347e+00
   6.328100e+00    7.855975e+00
   6.331468e+00    7.856699e+00
   6.335279e+00    7.857516e+00
   6.339530e+00    7.858427e+00
   6.344219e+00    7.859428e+00
   6.349344e+00    7.860519e+00
   6.354902e+00    7.861697e+00
   6.360889e+00    7.862961e+00
   6.367303e+00    7.864308e+00
   6.374139e+00    7.865736e+00
   6.381393e+00    7.867243e+00
   6.389062e+00    7.868825e+00
   6.397141e+00    7.870481e+00
   6.405626e+00    7.872206e+00
   6.414511e+00    7.873999e+00
   6.423792e+00    7.875855e+00
   6.433463e+00    7.877771e+00
   6.443520e+00    7.879745e+00
   6.453955e+00    7.881771e+00
   6.464763e+00    7.883847e+00
   6.475938e+00    7.885968e+00
   6.487474e+00    7.888130e+00
   6.499364e+00    7.890330e+00
   6.511601e+00    7.892562e+00
   6.524178e+00    7.894822e+00
   6.537088e+00    7.897105e+00
   6.550324e+00    7.899407e+00
   6.563877e+00    7.901723e+00
   6.577740e+00    7.904049e+00
   6.591906e+00    7.906377e+00
   6.606365e+00    7.908705e+00
   6.621110e+00    7.911025e+00
   6.636131e+00    7.913334e+00
   6.651421e+00    7.915625e+00
   6.666970e+00    7.917892e+00
   6.682769e+00    7.920131e+00
   6.698810e+00    7.922334e+00
   6.715081e+00    7.924497e+00
   6.731575e+00    7.926613e+00
   6.748282e+00    7.928677e+00
   6.765190e+00    7.930681e+00
   6.782292e+00    7.932620e+00
   6.799575e+00    7.934488e+00
   6.817031e+00    7.936278e+00
   6.834649e+00    7.937984e+00
   6.852417e+00    7.939600e+00
   6.870326e+00    7.941119e+00
   6.888365e+00    7.942534e+00
   6.906522e+00    7.943839e+00
   6.924787e+00    7.945027e+00
   6.943148e+00    7.946093e+00
   6.961595e+00    7.947029e+00
   6.980115e+00    7.947829e+00
   6.998697e+00    7.948486e+00
   7.017330e+00    7.948994e+00
   7.036001e+00    7.949347e+00
   7.054699e+00    7.949537e+00
   7.073411e+00    7.949560e+00
   7.092126e+00    7.949408e+00
   7.110831e+00    7.949075e+00
   7.129512e+00    7.948556e+00
   7.148159e+00    7.947844e+00
   7.166757e+00    7.946935e+00
   7.185293e+00    7.945822e+00
   7.203755e+00    7.944501e+00
   7.222128e+00    7.942966e+00
   7.240398e+00    7.941213e+00
   7.258551e+00    7.939238e+00
   7.276573e+00    7.937037e+00
   7.294448e+00    7.934607e+00
   7.312159e+00    7.931945e+00
   7.329692e+00    7.929050e+00
   7.347028e+00    7.925921e+00
   7.364149e+00    7.922558e+00
   7.381036e+00    7.918963e+00
   7.397668e+00    7.915137e+00
   7.414023e+00    7.911086e+00
   7.430077e+00    7.906816e+00
   7.445803e+00    7.902337e+00
   7.461172e+00    7.897661e+00
   7.476150e+00    7.892804e+00
   7.490700e+00    7.887786e+00
   7.504779e+00    7.882633e+00
   7.518339e+00    7.877378e+00
   7.531321e+00    7.872063e+00
   7.543660e+00    7.866737e+00
   7.555277e+00    7.861462e+00
   7.566081e+00    7.856314e+00
   7.575969e+00    7.851382e+00
   7.584818e+00    7.846771e+00
   7.592497e+00    7.842600e+00
   7.598861e+00    7.838998e+00
   7.603767e+00    7.836094e+00
   7.607078e+00    7.834011e+00
   7.608685e+00    7.832844e+00
   7.609110e+00    7.832378e+00
   7.607262e+00    7.832651e+00
   7.598345e+00    7.836683e+00
   7.583023e+00    7.843714e+00
   7.562253e+00    7.852693e+00
   7.536941e+00    7.862629e+00
   7.507791e+00    7.872736e+00
   7.475302e+00    7.882441e+00
   7.439819e+00    7.891331e+00
   7.401575e+00    7.899111e+00
   7.360730e+00    7.905567e+00
   7.317397e+00    7.910540e+00
   7.271654e+00    7.913910e+00
   7.223560e+00    7.915583e+00
   7.173161e+00    7.915491e+00
   7.120491e+00    7.913577e+00
   7.065583e+00    7.909799e+00
   7.008465e+00    7.904125e+00
   6.949163e+00    7.896532e+00
   6.887704e+00    7.887005e+00
   6.824116e+00    7.875534e+00
   6.758428e+00    7.862117e+00
   6.690671e+00    7.846756e+00
   6.620878e+00    7.829460e+00
   6.549085e+00    7.810241e+00
   6.475331e+00    7.789117e+00
   6.399657e+00    7.766108e+00
   6.322107e+00    7.741242e+00
   6.242728e+00    7.714548e+00
   6.161572e+00    7.686058e+00
   6.078691e+00    7.655812e+00
   5.994141e+00    7.623848e+00
   5.907982e+00    7.590211e+00
   5.820276e+00    7.554948e+00
   5.731088e+00    7.518109e+00
   5.640486e+00    7.479747e+00
   5.548541e+00    7.439917e+00
   5.455325e+00    7.398678e+00
   5.360915e+00    7.356089e+00
   5.265389e+00    7.312214e+00
   5.168826e+00    7.267116e+00
   5.071309e+00    7.220863e+00
   4.972924e+00    7.173523e+00
   4.873757e+00    7.125165e+00
   4.773895e+00    7.075861e+00
   4.673430e+00    7.025684e+00
   4.572452e+00    6.974706e+00
   4.471055e+00    6.923002e+00
   4.369332e+00    6.870648e+00
   4.267379e+00    6.817719e+00
   4.165292e+00    6.764292e+00
   4.063167e+00    6.710443e+00
   3.961102e+00    6.656249e+00
   3.859196e+00    6.601787e+00
   3.757546e+00    6.547133e+00
   3.656251e+00    6.492365e+00
   3.555409e+00    6.437557e+00
   3.455118e+00    6.382786e+00
   3.355478e+00    6.328126e+00
   3.256585e+00    6.273651e+00
   3.158536e+00    6.219434e+00
   3.061428e+00    6.165548e+00
   2.965357e+00    6.112064e+00
   2.870416e+00    6.059051e+00
   2.776700e+00    6.006577e+00
   2.684301e+00    5.954711e+00
   2.593309e+00    5.903517e+00
   2.503814e+00    5.853060e+00
   2.415903e+00    5.803403e+00
   2.329663e+00    5.754605e+00
   2.245178e+00    5.706725e+00
   2.162529e+00    5.659822e+00
   2.081798e+00    5.613950e+00
   2.003063e+00    5.569162e+00
   1.926398e+00    5.525511e+00
   1.851879e+00    5.483044e+00
   1.779575e+00    5.441811e+00
   1.709556e+00    5.401855e+00
   1.641888e+00    5.363221e+00
   1.576635e+00    5.325949e+00
   1.513858e+00    5.290079e+00
   1.453614e+00    5.255648e+00
   1.395960e+00    5.222690e+00
   1.340949e+00    5.191239e+00
   1.288630e+00    5.161325e+00
   1.239052e+00    5.132978e+00
   1.192257e+00    5.106224e+00
   1.148289e+00    5.081088e+00
   1.107186e+00    5.057594e+00
   1.068985e+00    5.035761e+00
   1.033718e+00    5.015611e+00
   1.001416e+00    4.997159e+00
   9.721067e-01    4.980423e+00
   9.458158e-01    4.965415e+00
   9.225652e-01    4.952149e+00
   9.023747e-01    4.940636e+00
   8.852613e-01    4.930884e+00
   8.712393e-01    4.922902e+00
   8.603205e-01    4.916696e+00
   8.525139e-01    4.912270e+00
   8.478261e-01    4.909628e+00
   8.462609e-01    4.908773e+00
   8.462609e-01    4.908773e+00
   8.462609e-01    4.908773e+00
   8.462609e-01    4.908773e+00
   8.462609e-01    4.908773e+00
   8.462609e-01    4.908773e+00
   8.462609e-01    4.908773e+00
   8.462609e-01    4.908773e+00
   8.462609e-01    4.908773e+00
   8.462609e-01    4.908773e+00
   8.462609e-01    4.908773e+00
   8.462609e-01    4.908773e+00
   8.462609e-01    4.908773e+00
   8.462609e-01    4.908773e+00
   8.462609e-01    4.908773e+00
   8.462609e-01    4.908773e+00
   8.462609e-01    4.908773e+00
   8.462609e-01    4.908773e+00
   8.462609e-01    4.908773e+00
   8.462609e-01    4.908773e+00
   8.462609e-01    4.908773e+00
   8.462609e-01    4.908773e+00
   8.462609e-01    4.908773e+00
   8.462609e-01    4.908773e+00
   8.462609e-01    4.908773e+00
   8.462609e-01    4.908773e+00
   8.462609e-01    4.908773e+00
   8.462609e-01    4.908773e+00
   8.462609e-01    4.908773e+00
   8.462609e-01    4.908773e+00
   8.462609e-01    4.908773e+00
   8.462609e-01    4.908773e+00
   8.462609e-01    4.908773e+00
   8.462609e-01    4.908773e+00
   8.462609e-01    4.908773e+00
   8.462609e-01    4.908773e+00
   8.462609e-01    4.908773e+00
   8.462609e-01    4.908773e+00
   8.462609e-01    4.908773e+00
   8.462609e-01    4.908773e+00
   8.462609e-01    4.908773e+00
   8.462609e-01    4.908773e+00
   8.462609e-01    4.908773e+00
   8.462609e-01    4.908773e+00
   8.462609e-01    4.908773e+00
   8.462609e-01    4.908773e+00
   8.462609e-01    4.908773e+00
   8.462609e-01    4.908773e+00
   8.462609e-01    4.908773e+00
   8.462609e-01    4.908773e+00
   8.462609e-01    4.908773e+00
   8.462609e-01    4.908773e+00
   8.462609e-01    4.908773e+00
   8.462609e-01    4.908773e+00
   8.462609e-01    4.908773e+00
   8.462609e-01    4.908773e+00
   8.462609e-01    4.908773e+00
   8.462609e-01    4.908773e+00
   8.462609e-01    4.908773e+00
   8.462609e-01    4.908773e+00
   8.462609e-01    4.908773e+00
   8.462609e-01    4.908773e+00
   8.462609e-01    4.908773e+00
   8.462609e-01    4.908773e+00
   8.462609e-01    4.908773e+00
   8.462609e-01    4.908773e+00
   8.462609e-01    4.908773e+00
   8.462609e-01    4.908773e+00
   8.462609e-01    4.908773e+00
   8.462609e-01    4.908773e+00
   8.462609e-01    4.908773e+00
   8.462609e-01    4.908773e+00
   8.462609e-01    4.908773e+00
   8.462609e-01    4.908773e+00
   8.462609e-01    4.908773e+00
   8.462609e-01    4.908773e+00
   8.462609e-01    4.908773e+00
   8.462609e-01    4.908773e+00
   8.462609e-01    4.908773e+00
   8.462609e-01    4.908773e+00
   8.462609e-01    4.908773e+00
   8.462609e-01    4.908773e+00
   8.462609e-01    4.908773e+00
   8.462609e-01    4.908773e+00
   8.462609e-01    4.908773e+00
   8.462609e-01    4.908773e+00
   8.462609e-01    4.908773e+00
   8.462609e-01    4.908773e+00
   8.462609e-01    4.908773e+00
   8.462609e-01    4.908773e+00
   8.462609e-01    4.908773e+00
   8.462609e-01    4.908773e+00
   8.462609e-01    4.908773e+00
   8.462609e-01    4.908773e+00
   8.462609e-01    4.908773e+00
   8.462609e-01    4.908773e+00
   8.462609e-01    4.908773e+00
   8.462609e-01    4.908773e+00
   8.462609e-01    4.908773e+00
   8.462609e-01    4.908773e+00
   8.462609e-01    4.908773e+00
   8.462609e-01    4.908773e+00
   8.462609e-01    4.908773e+00
   6.336153e+00    7.840165e+00
   6.334597e+00    7.839475e+00
   6.329891e+00    7.837503e+00
   6.322043e+00    7.834249e+00
   6.311070e+00    7.829709e+00
   6.296993e+00    7.823880e+00
   6.279840e+00    7.816759e+00
   6.259644e+00    7.808340e+00
   6.236445e+00    7.798619e+00
   6.210285e+00    7.787592e+00
   6.181213e+00    7.775255e+00
   6.149282e+00    7.761604e+00
   6.114547e+00    7.746637e+00
   6.077068e+00    7.730354e+00
   6.036909e+00    7.712754e+00
   5.994133e+00    7.693842e+00
   5.948809e+00    7.673620e+00
   5.901008e+00    7.652097e+00
   5.850801e+00    7.629281e+00
   5.798261e+00    7.605184e+00
   5.743464e+00    7.579820e+00
   5.686486e+00    7.553205e+00
   5.627405e+00    7.525358e+00
   5.566299e+00    7.496301e+00
   5.503248e+00    7.466059e+00
   5.438332e+00    7.434656e+00
   5.371631e+00    7.402123e+00
   5.303227e+00    7.368490e+00
   5.233203e+00    7.333790e+00
   5.161640e+00    7.298059e+00
   5.088622e+00    7.261334e+00
   5.014231e+00    7.223654e+00
   4.938552e+00    7.185060e+00
   4.861667e+00    7.145593e+00
   4.783662e+00    7.105299e+00
   4.704619e+00    7.064221e+00
   4.624624e+00    7.022407e+00
   4.543759e+00    6.979903e+00
   4.462109e+00    6.936759e+00
   4.379759e+00    6.893023e+00
   4.296791e+00    6.848745e+00
   4.213289e+00    6.803977e+00
   4.129337e+00    6.758768e+00
   4.045017e+00    6.713172e+00
   3.960413e+00    6.667238e+00
   3.875605e+00    6.621020e+00
   3.790676e+00    6.574570e+00
   3.705706e+00    6.527939e+00
   3.620776e+00    6.481180e+00
   3.535965e+00    6.434344e+00
   3.451353e+00    6.387483e+00
   3.367017e+00    6.340648e+00
   3.283035e+00    6.293890e+00
   3.199482e+00    6.247259e+00
   3.116434e+00    6.200805e+00
   3.033966e+00    6.154577e+00
   2.952149e+00    6.108622e+00
   2.871057e+00    6.062990e+00
   2.790759e+00    6.017727e+00
   2.711326e+00    5.972878e+00
   2.632825e+00    5.928488e+00
   2.555324e+00    5.884603e+00
   2.478888e+00    5.841265e+00
   2.403580e+00    5.798515e+00
   2.329464e+00    5.756396e+00
   2.256600e+00    5.714947e+00
   2.185049e+00    5.674207e+00
   2.114867e+00    5.634214e+00
   2.046112e+00    5.595004e+00
   1.978838e+00    5.556612e+00
   1.913099e+00    5.519073e+00
   1.848944e+00    5.482420e+00
   1.786426e+00    5.446684e+00
   1.725590e+00    5.411896e+00
   1.666485e+00    5.378085e+00
   1.609153e+00    5.345279e+00
   1.553639e+00    5.313505e+00
   1.499982e+00    5.282789e+00
   1.448224e+00    5.253154e+00
   1.398400e+00    5.224623e+00
   1.350547e+00    5.197219e+00
   1.304698e+00    5.170963e+00
   1.260887e+00    5.145873e+00
   1.219144e+00    5.121968e+00
   1.179497e+00    5.099265e+00
   1.141974e+00    5.077781e+00
   1.106601e+00    5.057529e+00
   1.073400e+00    5.038525e+00
   1.042395e+00    5.020780e+00
   1.013605e+00    5.004307e+00
   9.870498e-01    4.989115e+00
   9.627464e-01    4.975216e+00
   9.407106e-01    4.962617e+00
   9.209565e-01    4.951327e+00
   9.034967e-01    4.941353e+00
   8.883423e-01    4.932700e+00
   8.755028e-01    4.925374e+00
   8.649864e-01    4.919380e+00
   8.567996e-01    4.914720e+00
   8.509476e-01    4.911398e+00
   8.474340e-01    4.909415e+00
   8.462609e-01    4.908773e+00
   8.462609e-01    4.908773e+00
   8.474340e-01    4.909415e+00
   8.509476e-01    4.911398e+00
   8.567996e-01    4.914720e+00
   8.649864e-01    4.919380e+00
   8.755028e-01    4.925374e+00
   8.883423e-01    4.932700e+00
   9.034967e-01    4.941353e+00
   9.209565e-01    4.951327e+00
   9.407106e-01    4.962617e+00
   9.627464e-01    4.975216e+00
   9.870498e-01    4.989115e+00
   1.013605e+00    5.004307e+00
   1.042395e+00    5.020780e+00
   1.073400e+00    5.038525e+00
   1.106601e+00    5.057529e+00
   1.141974e+00    5.077781e+00
   1.179497e+00    5.099265e+00
   1.219144e+00    5.121968e+00
   1.260887e+00    5.145873e+00
   1.304698e+00    5.170963e+00
   1.350547e+00    5.197219e+00
   1.398400e+00    5.224623e+00
   1.448224e+00    5.253154e+00
   1.499982e+00    5.282789e+00
   1.553639e+00    5.313505e+00
   1.609153e+00    5.345279e+00
   1.666485e+00    5.378085e+00
   1.725590e+00    5.411896e+00
   1.786426e+00    5.446684e+00
   1.848944e+00    5.482420e+00
   1.913099e+00    5.519073e+00
   1.978838e+00    5.556612e+00
   2.046112e+00    5.595004e+00
   2.114867e+00    5.634214e+00
   2.185049e+00    5.674207e+00
   2.256600e+00    5.714947e+00
   2.329464e+00    5.756396e+00
   2.403580e+00    5.798515e+00
   2.478888e+00    5.841265e+00
   2.555324e+00    5.884603e+00
   2.632825e+00    5.928488e+00
   2.711326e+00    5.972878e+00
   2.790759e+00    6.017727e+00
   2.871057e+00    6.062990e+00
   2.952149e+00    6.108622e+00
   3.033966e+00    6.154577e+00
   3.116434e+00    6.200805e+00
   3.199482e+00    6.247259e+00
   3.283035e+00    6.293890e+00
   3.367017e+00    6.340648e+00
   3.451353e+00    6.387483e+00
   3.535965e+00    6.434344e+00
   3.620776e+00    6.481180e+00
   3.705706e+00    6.527939e+00
   3.790676e+00    6.574570e+00
   3.875605e+00    6.621020e+00
   3.960413e+00    6.667238e+00
   4.045017e+00    6.713172e+00
   4.129337e+00    6.758768e+00
   4.213289e+00    6.803977e+00
   4.296791e+00    6.848745e+00
   4.379759e+00    6.893023e+00
   4.462109e+00    6.936759e+00
   4.543759e+00    6.979903e+00
   4.624624e+00    7.022407e+00
   4.704619e+00    7.064221e+00
   4.783662e+00    7.105299e+00
   4.861667e+00    7.145593e+00
   4.938552e+00    7.185060e+00
   5.014231e+00    7.223654e+00
   5.088622e+00    7.261334e+00
   5.161640e+00    7.298059e+00
   5.233203e+00    7.333790e+00
   5.303227e+00    7.368490e+00
   5.371631e+00    7.402123e+00
   5.438332e+00    7.434656e+00
   5.503248e+00    7.466059e+00
   5.566299e+00    7.496301e+00
   5.627405e+00    7.525358e+00
   5.686486e+00    7.553205e+00
   5.743464e+00    7.579820e+00
   5.798261e+00    7.605184e+00
   5.850801e+00    7.629281e+00
   5.901008e+00    7.652097e+00
   5.948809e+00    7.673620e+00
   5.994133e+00    7.693842e+00
   6.036909e+00    7.712754e+00
   6.077068e+00    7.730354e+00
   6.114547e+00    7.746637e+00
   6.149282e+00    7.761604e+00
   6.181213e+00    7.775255e+00
   6.210285e+00    7.787592e+00
   6.236445e+00    7.798619e+00
   6.259644e+00    7.808340e+00
   6.279840e+00    7.816759e+00
   6.296993e+00    7.823880e+00
   6.311070e+00    7.829709e+00
   6.322043e+00    7.834249e+00
   6.329891e+00    7.837503e+00
   6.334597e+00    7.839475e+00
   6.336153e+00    7.840165e+00
