███╗   ███╗  █████╗   ██████╗  ███╗   ██╗  ██████╗  ██████╗  ██╗   ██╗
████╗ ████║ ██╔══██╗ ██╔════╝  ████╗  ██║ ██╔═══██╗ ██╔══██╗ ╚██╗ ██╔╝
██╔████╔██║ ███████║ ██║  ███╗ ██╔██╗ ██║ ██║   ██║ ██████╔╝  ╚████╔╝ 
██║╚██╔╝██║ ██╔══██║ ██║  ╚██║ ██║╚██╗██║ ██║   ██║ ██╔═══╝    ╚██╔╝  
██║ ╚═╝ ██║ ██║  ██║ ╚██████╔╝ ██║ ╚████║ ╚██████╔╝ ██║         ██║   
╚═╝     ╚═╝ ╚═╝  ╚═╝  ╚═════╝  ╚═╝  ╚═══╝  ╚═════╝  ╚═╝         ╚═╝   
                      Version: 0.2.0                       ▄   ▄      
                Documentation: magnopy.org                 █▀█▀█      
             Release date: 10 September 2025               █▄█▄█      
                    License: GNU GPLv3                      ███   ▄▄  
          Copyright (C) 2023-2025  Magnopy Team             ████ █  █ 
                                                            ████    █ 
        Generated on 9 September 2025 at 21:54:56           ▀▀▀▀▀▀▀▀  

======================================== Comment =========================================

Source of the parameters is "GROGU".
Loaded parameters of the spin Hamiltonian from the file
  ../reference-CrI3_U.txt.

=================================== Start optimization ===================================

Energy tolerance : 1.00000e-05
Torque tolerance : 1.00000e-05
Minimizing on the supercell of 5 x 5 x 1 unit cells.

Spin directions of the initial guess are saved in file
  optimize-sd-5-5/INITIAL_GUESS.TXT
─────┬─────────────┬─────────────┬─────────────
step │     E_0     │  delta E_0  │ max torque 
─────┴─────────────┴─────────────┴─────────────
1        8.9120323     2.7946738     5.4824419
2      -12.5412010    21.4532333     6.1976310
3      -19.0810402     6.5398392     7.8781761
4      -76.9733428    57.8923025     7.0824827
5      -92.1231264    15.1497837     7.3462168
6      -92.1501450     0.0270186     7.2816384
7      -124.6338977    32.4837527     7.7750615
8      -125.7482459     1.1143482     8.1088212
9      -139.8676736    14.1194277     7.6850394
10     -141.9501804     2.0825068     7.1092629
11     -158.2959513    16.3457709     7.2643183
12     -161.5208910     3.2249397     8.7753801
13     -177.1453071    15.6244162     8.3461252
14     -177.3056922     0.1603851     8.3294068
15     -186.6267485     9.3210563     6.5599723
16     -189.2310176     2.6042691     6.5788798
17     -196.2114491     6.9804316     7.2888374
18     -203.4608675     7.2494183     7.6894474
19     -204.3654852     0.9046177     7.5580812
20     -207.6206689     3.2551837     7.1478303
21     -209.0270245     1.4063556     6.7773223
22     -210.4490671     1.4220427     7.7167842
23     -213.2016691     2.7526020     7.4194794
24     -216.6926103     3.4909412     6.5679042
25     -218.4699223     1.7773120     6.8148841
26     -223.5947565     5.1248342     6.9399452
27     -227.1096539     3.5148974     5.3175009
28     -230.8180419     3.7083879     5.5764232
29     -234.9084266     4.0903848     4.5868610
30     -235.9460682     1.0376416     3.6733469
31     -237.7243750     1.7783067     3.7479011
32     -238.7476649     1.0232900     3.4829588
33     -240.2439594     1.4962945     3.1244677
34     -242.5751855     2.3312260     2.6008441
35     -244.5293628     1.9541774     2.3575036
36     -245.5973975     1.0680347     1.8031130
37     -246.5270450     0.9296475     1.7525842
38     -246.9069375     0.3798925     1.7702100
39     -247.3215201     0.4145826     1.5261142
40     -247.7386736     0.4171534     1.3533005
41     -248.1225323     0.3838588     0.9928301
42     -248.4870599     0.3645276     0.9192251
43     -248.7594585     0.2723986     0.8599694
44     -248.9871314     0.2276729     0.7472715
45     -249.1428579     0.1557265     0.7466913
46     -249.2687961     0.1259382     0.7176399
47     -249.3558578     0.0870617     0.7644998
48     -249.4457077     0.0898499     0.7399561
49     -249.5215638     0.0758561     0.7062926
50     -249.6000137     0.0784499     0.5861124
51     -249.6716183     0.0716045     0.5177171
52     -249.7346569     0.0630386     0.6071221
53     -249.7857823     0.0511254     0.6722329
54     -249.8254981     0.0397158     0.7053367
55     -249.8654186     0.0399205     0.7329649
56     -249.9079282     0.0425097     0.7339912
57     -249.9417740     0.0338457     0.7111842
58     -249.9822030     0.0404291     0.6653892
59     -250.0205100     0.0383069     0.6082098
60     -250.0556364     0.0351264     0.5177676
61     -250.0822682     0.0266318     0.4482560
62     -250.0992107     0.0169426     0.3774082
63     -250.1147796     0.0155689     0.3492403
64     -250.1288773     0.0140977     0.3167988
65     -250.1429700     0.0140927     0.3046952
66     -250.1566082     0.0136382     0.2509645
67     -250.1689183     0.0123101     0.2206711
68     -250.1789652     0.0100469     0.1985577
69     -250.1865237     0.0075585     0.1800813
70     -250.1884883     0.0019646     0.1738657
71     -250.1985468     0.0100586     0.1713337
72     -250.2046002     0.0060533     0.1372791
73     -250.2106133     0.0060131     0.0985793
74     -250.2123133     0.0017000     0.0813357
75     -250.2136427     0.0013294     0.0589421
76     -250.2145567     0.0009139     0.0521832
77     -250.2150896     0.0005329     0.0507456
78     -250.2155050     0.0004154     0.0505250
79     -250.2158230     0.0003180     0.0437965
80     -250.2160995     0.0002764     0.0393122
81     -250.2163001     0.0002006     0.0299512
82     -250.2164501     0.0001501     0.0241768
83     -250.2165441     0.0000939     0.0186262
84     -250.2166069     0.0000628     0.0180493
85     -250.2166474     0.0000406     0.0163654
86     -250.2166771     0.0000296     0.0148811
87     -250.2167004     0.0000233     0.0126101
88     -250.2167200     0.0000196     0.0104321
89     -250.2167361     0.0000162     0.0077495
90     -250.2167485     0.0000124     0.0056573
91     -250.2167570     0.0000086     0.0046560
92     -250.2167625     0.0000054     0.0042751
93     -250.2167660     0.0000035     0.0036797
94     -250.2167683     0.0000024     0.0036967
95     -250.2167701     0.0000018     0.0030105
96     -250.2167716     0.0000015     0.0026662
97     -250.2167727     0.0000012     0.0018702
98     -250.2167736     0.0000008     0.0014843
99     -250.2167742     0.0000006     0.0011979
100    -250.2167745     0.0000003     0.0010516
101    -250.2167747     0.0000002     0.0010403
102    -250.2167749     0.0000002     0.0008919
103    -250.2167750     0.0000001     0.0008751
104    -250.2167751     0.0000001     0.0007107
105    -250.2167752     0.0000001     0.0006327
106    -250.2167752     0.0000001     0.0005046
107    -250.2167753     0.0000000     0.0003976
108    -250.2167753     0.0000000     0.0003545
109    -250.2167753     0.0000000     0.0002606
110    -250.2167753     0.0000000     0.0002167
111    -250.2167754     0.0000000     0.0001796
112    -250.2167754     0.0000000     0.0001418
113    -250.2167754     0.0000000     0.0001361
114    -250.2167754     0.0000000     0.0001137
115    -250.2167754     0.0000000     0.0001068
116    -250.2167754     0.0000000     0.0000914
117    -250.2167754     0.0000000     0.0000777
118    -250.2167754     0.0000000     0.0000761
119    -250.2167754     0.0000000     0.0000645
120    -250.2167754     0.0000000     0.0000608
121    -250.2167754     0.0000000     0.0000492
122    -250.2167754     0.0000000     0.0000473
123    -250.2167754     0.0000000     0.0000406
124    -250.2167754     0.0000000     0.0000390
125    -250.2167754     0.0000000     0.0000331
126    -250.2167754     0.0000000     0.0000308
127    -250.2167754     0.0000000     0.0000246
128    -250.2167754     0.0000000     0.0000216
129    -250.2167754     0.0000000     0.0000161
130    -250.2167754     0.0000000     0.0000136
131    -250.2167754     0.0000000     0.0000114
132    -250.2167754     0.0000000     0.0000088
───────────────────────────────────────────────
Optimization is done.

Classic ground state energy (E_0) is     -250.216775 meV

Optimized spin directions are saved in file
  optimize-sd-5-5/SPIN_DIRECTIONS.txt

Spin positions are saved in file
  optimize-sd-5-5/SPIN_POSITIONS.txt

Image of spin directions is saved in file
  optimize-sd-5-5/SPIN_DIRECTIONS.html

======================================== Finished ========================================
