 -0.78852297   0.00490905  -0.61498571
 -0.41758778   0.61226859  -0.67137741
  0.36998689  -0.49504900  -0.78615278
 -0.30414970   0.90358276   0.30171370
 -0.83419599  -0.55144928   0.00455380
  0.31662251  -0.79332524   0.51998581
  0.00964170   0.56736584  -0.82340940
  0.03975272  -0.98689767  -0.15637362
  0.82074725  -0.36571528   0.43889212
 -0.53694349   0.48747451  -0.68852037
  0.43387906  -0.29195276   0.85235705
 -0.81183913  -0.37144474  -0.45049532
 -0.73597500   0.60164596   0.31042380
 -0.94219141   0.19980303  -0.26898716
 -0.34027472  -0.76070887   0.55275232
  0.13919782   0.28551726   0.94821087
 -0.54604222  -0.57770445  -0.60670872
  0.97585967  -0.02730581   0.21668480
  0.68089686  -0.05141206  -0.73057256
 -0.29801645   0.65529569  -0.69409924
 -0.62772396  -0.25838823  -0.73430113
 -0.80866135   0.11424026   0.57707537
  0.84417553   0.48052448  -0.23762134
 -0.51761036   0.84623516   0.12635491
  0.48108297  -0.73245824  -0.48173032
  0.56210140  -0.80906821   0.17161193
 -0.69386909  -0.59467795   0.40608352
 -0.39321959   0.71710812  -0.57544269
 -0.38390060  -0.45281518   0.80472277
  0.40917252   0.90896821   0.07971597
  0.24297181   0.73924694  -0.62807536
 -0.63066078  -0.69093475   0.35337822
  0.13772235   0.60103723  -0.78726539
  0.56937828  -0.62489758  -0.53414548
  0.80075164  -0.03355585  -0.59805586
  0.55821197   0.17362167  -0.81132910
  0.51263316  -0.78592602   0.34572754
 -0.11561189   0.99320125  -0.01360751
  0.61871373   0.53388990   0.57632880
  0.56593653  -0.58264315   0.58330335
 -0.61568438   0.67950932   0.39899854
  0.81076001  -0.18704520   0.55469118
 -0.99744440   0.06468975   0.03033010
 -0.71458858   0.56167425  -0.41699545
  0.39198645   0.26941730  -0.87963682
  0.19707634   0.33958075   0.91969877
  0.74889714   0.06621044  -0.65937035
 -0.84811844  -0.14622108  -0.50922933
  0.72914620  -0.67821831   0.09146448
  0.39019988  -0.56142318  -0.72975891
