 -0.00349887  -0.00097367  -0.99999340
 -0.00380252  -0.00149157  -0.99999166
 -0.00349910  -0.00097350  -0.99999340
 -0.00380221  -0.00149096  -0.99999166
 -0.00349899  -0.00097356  -0.99999340
 -0.00380254  -0.00149093  -0.99999166
 -0.00349863  -0.00097363  -0.99999341
 -0.00380276  -0.00149083  -0.99999166
 -0.00349921  -0.00097348  -0.99999340
 -0.00380280  -0.00149149  -0.99999166
 -0.00349909  -0.00097417  -0.99999340
 -0.00380320  -0.00149155  -0.99999166
 -0.00349864  -0.00097446  -0.99999340
 -0.00380264  -0.00149137  -0.99999166
 -0.00349887  -0.00097372  -0.99999340
 -0.00380314  -0.00149069  -0.99999166
 -0.00349985  -0.00097412  -0.99999340
 -0.00380328  -0.00149121  -0.99999166
 -0.00349883  -0.00097341  -0.99999341
 -0.00380241  -0.00149159  -0.99999166
 -0.00349814  -0.00097463  -0.99999341
 -0.00380204  -0.00149203  -0.99999166
 -0.00349856  -0.00097437  -0.99999341
 -0.00380284  -0.00149204  -0.99999166
 -0.00349936  -0.00097407  -0.99999340
 -0.00380294  -0.00149147  -0.99999166
 -0.00349984  -0.00097371  -0.99999340
 -0.00380338  -0.00149138  -0.99999165
 -0.00349891  -0.00097387  -0.99999340
 -0.00380257  -0.00149200  -0.99999166
 -0.00349853  -0.00097405  -0.99999341
 -0.00380204  -0.00149242  -0.99999166
 -0.00349811  -0.00097497  -0.99999341
 -0.00380279  -0.00149112  -0.99999166
 -0.00349891  -0.00097392  -0.99999340
 -0.00380281  -0.00149102  -0.99999166
 -0.00349935  -0.00097339  -0.99999340
 -0.00380307  -0.00149105  -0.99999166
 -0.00349935  -0.00097358  -0.99999340
 -0.00380265  -0.00149173  -0.99999166
 -0.00349902  -0.00097332  -0.99999340
 -0.00380221  -0.00149128  -0.99999166
 -0.00349882  -0.00097399  -0.99999340
 -0.00380248  -0.00149125  -0.99999166
 -0.00349888  -0.00097395  -0.99999340
 -0.00380293  -0.00149083  -0.99999166
 -0.00349845  -0.00097371  -0.99999341
 -0.00380201  -0.00149055  -0.99999166
 -0.00349898  -0.00097290  -0.99999341
 -0.00380262  -0.00149060  -0.99999166
