  0.00226348   0.00123488   0.99999668
  0.00198558   0.00075498   0.99999774
  0.00226363   0.00123452   0.99999668
  0.00198571   0.00075577   0.99999774
  0.00226364   0.00123420   0.99999668
  0.00198483   0.00075599   0.99999774
  0.00226302   0.00123449   0.99999668
  0.00198494   0.00075535   0.99999774
  0.00226310   0.00123490   0.99999668
  0.00198547   0.00075525   0.99999774
  0.00226350   0.00123419   0.99999668
  0.00198569   0.00075489   0.99999774
  0.00226328   0.00123456   0.99999668
  0.00198566   0.00075578   0.99999774
  0.00226322   0.00123417   0.99999668
  0.00198473   0.00075541   0.99999775
  0.00226267   0.00123393   0.99999668
  0.00198460   0.00075543   0.99999775
  0.00226305   0.00123462   0.99999668
  0.00198520   0.00075499   0.99999774
  0.00226287   0.00123429   0.99999668
  0.00198456   0.00075476   0.99999775
  0.00226324   0.00123428   0.99999668
  0.00198549   0.00075493   0.99999774
  0.00226311   0.00123399   0.99999668
  0.00198488   0.00075520   0.99999774
  0.00226274   0.00123415   0.99999668
  0.00198426   0.00075500   0.99999775
  0.00226239   0.00123425   0.99999668
  0.00198522   0.00075467   0.99999774
  0.00226358   0.00123446   0.99999668
  0.00198542   0.00075495   0.99999774
  0.00226370   0.00123433   0.99999668
  0.00198541   0.00075553   0.99999774
  0.00226316   0.00123429   0.99999668
  0.00198507   0.00075561   0.99999774
  0.00226287   0.00123435   0.99999668
  0.00198502   0.00075514   0.99999774
  0.00226321   0.00123437   0.99999668
  0.00198539   0.00075518   0.99999774
  0.00226364   0.00123445   0.99999668
  0.00198594   0.00075513   0.99999774
  0.00226405   0.00123450   0.99999668
  0.00198595   0.00075589   0.99999774
  0.00226323   0.00123469   0.99999668
  0.00198494   0.00075571   0.99999774
  0.00226313   0.00123493   0.99999668
  0.00198514   0.00075564   0.99999774
  0.00226345   0.00123464   0.99999668
  0.00198567   0.00075537   0.99999774
