  0.01290667  -0.00745002  15.00002010
  3.55803919   2.03918089  15.00000948
  7.10290667  -0.00745002  15.00002010
 10.64803919   2.03918089  15.00000948
 14.19290667  -0.00745002  15.00002010
 17.73803919   2.03918089  15.00000948
 21.28290667  -0.00745002  15.00002010
 24.82803919   2.03918089  15.00000948
 28.37290667  -0.00745002  15.00002010
 31.91803919   2.03918089  15.00000948
 -3.53209333   6.13267009  15.00002010
  0.01303919   8.17930100  15.00000948
  3.55790667   6.13267009  15.00002010
  7.10303919   8.17930100  15.00000948
 10.64790667   6.13267009  15.00002010
 14.19303919   8.17930100  15.00000948
 17.73790667   6.13267009  15.00002010
 21.28303919   8.17930100  15.00000948
 24.82790667   6.13267009  15.00002010
 28.37303919   8.17930100  15.00000948
 -7.07709333  12.27279020  15.00002010
 -3.53196081  14.31942111  15.00000948
  0.01290667  12.27279020  15.00002010
  3.55803919  14.31942111  15.00000948
  7.10290667  12.27279020  15.00002010
 10.64803919  14.31942111  15.00000948
 14.19290667  12.27279020  15.00002010
 17.73803919  14.31942111  15.00000948
 21.28290667  12.27279020  15.00002010
 24.82803919  14.31942111  15.00000948
-10.62209333  18.41291031  15.00002010
 -7.07696081  20.45954122  15.00000948
 -3.53209333  18.41291031  15.00002010
  0.01303919  20.45954122  15.00000948
  3.55790667  18.41291031  15.00002010
  7.10303919  20.45954122  15.00000948
 10.64790667  18.41291031  15.00002010
 14.19303919  20.45954122  15.00000948
 17.73790667  18.41291031  15.00002010
 21.28303919  20.45954122  15.00000948
-14.16709333  24.55303042  15.00002010
-10.62196081  26.59966133  15.00000948
 -7.07709333  24.55303042  15.00002010
 -3.53196081  26.59966133  15.00000948
  0.01290667  24.55303042  15.00002010
  3.55803919  26.59966133  15.00000948
  7.10290667  24.55303042  15.00002010
 10.64803919  26.59966133  15.00000948
 14.19290667  24.55303042  15.00002010
 17.73803919  26.59966133  15.00000948
