 -0.00349902  -0.00097338  -0.99999340
 -0.00380294  -0.00149084  -0.99999166
 -0.00349900  -0.00097421  -0.99999340
 -0.00380261  -0.00149189  -0.99999166
 -0.00349883  -0.00097425  -0.99999340
 -0.00380274  -0.00149148  -0.99999166
 -0.00349905  -0.00097445  -0.99999340
 -0.00380342  -0.00149152  -0.99999165
 -0.00349940  -0.00097411  -0.99999340
 -0.00380314  -0.00149095  -0.99999166
 -0.00349947  -0.00097331  -0.99999340
 -0.00380294  -0.00149114  -0.99999166
 -0.00349912  -0.00097343  -0.99999340
 -0.00380261  -0.00149191  -0.99999166
 -0.00349889  -0.00097411  -0.99999340
 -0.00380252  -0.00149089  -0.99999166
 -0.00349890  -0.00097399  -0.99999340
 -0.00380257  -0.00149143  -0.99999166
 -0.00349937  -0.00097391  -0.99999340
 -0.00380310  -0.00149170  -0.99999166
 -0.00349920  -0.00097436  -0.99999340
 -0.00380280  -0.00149169  -0.99999166
 -0.00349919  -0.00097418  -0.99999340
 -0.00380202  -0.00149135  -0.99999166
 -0.00349854  -0.00097351  -0.99999341
 -0.00380242  -0.00149070  -0.99999166
 -0.00349857  -0.00097342  -0.99999341
 -0.00380233  -0.00149092  -0.99999166
 -0.00349914  -0.00097380  -0.99999340
 -0.00380248  -0.00149204  -0.99999166
 -0.00349910  -0.00097452  -0.99999340
 -0.00380277  -0.00149159  -0.99999166
 -0.00349878  -0.00097387  -0.99999341
 -0.00380312  -0.00149155  -0.99999166
 -0.00349917  -0.00097425  -0.99999340
 -0.00380294  -0.00149143  -0.99999166
 -0.00349918  -0.00097334  -0.99999340
 -0.00380316  -0.00149129  -0.99999166
 -0.00349922  -0.00097371  -0.99999340
 -0.00380281  -0.00149175  -0.99999166
 -0.00349900  -0.00097390  -0.99999340
 -0.00380236  -0.00149163  -0.99999166
 -0.00349911  -0.00097421  -0.99999340
 -0.00380280  -0.00149167  -0.99999166
 -0.00349910  -0.00097408  -0.99999340
 -0.00380259  -0.00149193  -0.99999166
 -0.00349945  -0.00097395  -0.99999340
 -0.00380270  -0.00149123  -0.99999166
 -0.00349893  -0.00097394  -0.99999340
 -0.00380274  -0.00149160  -0.99999166
