  0.01178762  -0.00680770  14.99994846
  3.55609726   2.04029820  14.99998050
  7.10178762  -0.00680770  14.99994846
 10.64609726   2.04029820  14.99998050
 14.19178762  -0.00680770  14.99994846
 17.73609726   2.04029820  14.99998050
 21.28178762  -0.00680770  14.99994846
 24.82609726   2.04029820  14.99998050
 28.37178762  -0.00680770  14.99994846
 31.91609726   2.04029820  14.99998050
 -3.53321238   6.13331241  14.99994846
  0.01109726   8.18041831  14.99998050
  3.55678762   6.13331241  14.99994846
  7.10109726   8.18041831  14.99998050
 10.64678762   6.13331241  14.99994846
 14.19109726   8.18041831  14.99998050
 17.73678762   6.13331241  14.99994846
 21.28109726   8.18041831  14.99998050
 24.82678762   6.13331241  14.99994846
 28.37109726   8.18041831  14.99998050
 -7.07821238  12.27343252  14.99994846
 -3.53390274  14.32053842  14.99998050
  0.01178762  12.27343252  14.99994846
  3.55609726  14.32053842  14.99998050
  7.10178762  12.27343252  14.99994846
 10.64609726  14.32053842  14.99998050
 14.19178762  12.27343252  14.99994846
 17.73609726  14.32053842  14.99998050
 21.28178762  12.27343252  14.99994846
 24.82609726  14.32053842  14.99998050
-10.62321238  18.41355263  14.99994846
 -7.07890274  20.46065853  14.99998050
 -3.53321238  18.41355263  14.99994846
  0.01109726  20.46065853  14.99998050
  3.55678762  18.41355263  14.99994846
  7.10109726  20.46065853  14.99998050
 10.64678762  18.41355263  14.99994846
 14.19109726  20.46065853  14.99998050
 17.73678762  18.41355263  14.99994846
 21.28109726  20.46065853  14.99998050
-14.16821238  24.55367274  14.99994846
-10.62390274  26.60077864  14.99998050
 -7.07821238  24.55367274  14.99994846
 -3.53390274  26.60077864  14.99998050
  0.01178762  24.55367274  14.99994846
  3.55609726  26.60077864  14.99998050
  7.10178762  24.55367274  14.99994846
 10.64609726  26.60077864  14.99998050
 14.19178762  24.55367274  14.99994846
 17.73609726  26.60077864  14.99998050
