         mode 1          mode 2
   1.230929e+00    2.540205e+00
   1.232241e+00    2.541527e+00
   1.236157e+00    2.545543e+00
   1.242674e+00    2.552250e+00
   1.251788e+00    2.561643e+00
   1.263493e+00    2.573711e+00
   1.277782e+00    2.588446e+00
   1.294644e+00    2.605832e+00
   1.314070e+00    2.625854e+00
   1.336044e+00    2.648493e+00
   1.360553e+00    2.673726e+00
   1.387577e+00    2.701531e+00
   1.417098e+00    2.731879e+00
   1.449093e+00    2.764739e+00
   1.483538e+00    2.800079e+00
   1.520405e+00    2.837861e+00
   1.559665e+00    2.878047e+00
   1.601287e+00    2.920593e+00
   1.645235e+00    2.965454e+00
   1.691472e+00    3.012581e+00
   1.739959e+00    3.061921e+00
   1.790654e+00    3.113419e+00
   1.843511e+00    3.167018e+00
   1.898484e+00    3.222657e+00
   1.955523e+00    3.280270e+00
   2.014574e+00    3.339791e+00
   2.075585e+00    3.401151e+00
   2.138498e+00    3.464277e+00
   2.203253e+00    3.529093e+00
   2.269789e+00    3.595523e+00
   2.338044e+00    3.663485e+00
   2.407950e+00    3.732898e+00
   2.479442e+00    3.803677e+00
   2.552448e+00    3.875734e+00
   2.626899e+00    3.948982e+00
   2.702721e+00    4.023329e+00
   2.779840e+00    4.098683e+00
   2.858179e+00    4.174950e+00
   2.937662e+00    4.252034e+00
   3.018209e+00    4.329837e+00
   3.099741e+00    4.408263e+00
   3.182177e+00    4.487211e+00
   3.265434e+00    4.566581e+00
   3.349430e+00    4.646271e+00
   3.434082e+00    4.726182e+00
   3.519304e+00    4.806209e+00
   3.605013e+00    4.886252e+00
   3.691124e+00    4.966206e+00
   3.777551e+00    5.045971e+00
   3.864209e+00    5.125442e+00
   3.951013e+00    5.204520e+00
   4.037877e+00    5.283101e+00
   4.124718e+00    5.361085e+00
   4.211450e+00    5.438373e+00
   4.297991e+00    5.514866e+00
   4.384256e+00    5.590467e+00
   4.470164e+00    5.665078e+00
   4.555635e+00    5.738607e+00
   4.640587e+00    5.810961e+00
   4.724943e+00    5.882049e+00
   4.808624e+00    5.951782e+00
   4.891557e+00    6.020074e+00
   4.973666e+00    6.086842e+00
   5.054879e+00    6.152005e+00
   5.135127e+00    6.215484e+00
   5.214340e+00    6.277204e+00
   5.292454e+00    6.337094e+00
   5.369404e+00    6.395083e+00
   5.445129e+00    6.451107e+00
   5.519571e+00    6.505103e+00
   5.592672e+00    6.557014e+00
   5.664381e+00    6.606784e+00
   5.734645e+00    6.654364e+00
   5.803417e+00    6.699705e+00
   5.870652e+00    6.742767e+00
   5.936308e+00    6.783510e+00
   6.000346e+00    6.821900e+00
   6.062730e+00    6.857908e+00
   6.123427e+00    6.891509e+00
   6.182407e+00    6.922681e+00
   6.239645e+00    6.951409e+00
   6.295115e+00    6.977681e+00
   6.348799e+00    7.001490e+00
   6.400679e+00    7.022834e+00
   6.450741e+00    7.041715e+00
   6.498973e+00    7.058141e+00
   6.545368e+00    7.072125e+00
   6.589919e+00    7.083683e+00
   6.632623e+00    7.092839e+00
   6.673479e+00    7.099620e+00
   6.712487e+00    7.104060e+00
   6.749648e+00    7.106202e+00
   6.784962e+00    7.106093e+00
   6.818425e+00    7.103793e+00
   6.850026e+00    7.099376e+00
   6.879736e+00    7.092942e+00
   6.907485e+00    7.084635e+00
   6.933114e+00    7.074699e+00
   6.956219e+00    7.063623e+00
   6.975654e+00    7.052651e+00
   6.987958e+00    7.045342e+00
   6.987106e+00    7.047826e+00
   6.987443e+00    7.047522e+00
   6.982334e+00    7.052211e+00
   6.975037e+00    7.058289e+00
   6.966271e+00    7.065053e+00
   6.956468e+00    7.072084e+00
   6.945877e+00    7.079149e+00
   6.934646e+00    7.086115e+00
   6.922868e+00    7.092904e+00
   6.910605e+00    7.099472e+00
   6.897902e+00    7.105788e+00
   6.884791e+00    7.111837e+00
   6.871299e+00    7.117609e+00
   6.857449e+00    7.123097e+00
   6.843260e+00    7.128300e+00
   6.828749e+00    7.133217e+00
   6.813932e+00    7.137849e+00
   6.798824e+00    7.142199e+00
   6.783440e+00    7.146271e+00
   6.767794e+00    7.150068e+00
   6.751898e+00    7.153595e+00
   6.735766e+00    7.156856e+00
   6.719412e+00    7.159857e+00
   6.702847e+00    7.162603e+00
   6.686085e+00    7.165099e+00
   6.669138e+00    7.167353e+00
   6.652019e+00    7.169368e+00
   6.634741e+00    7.171152e+00
   6.617315e+00    7.172711e+00
   6.599755e+00    7.174051e+00
   6.582073e+00    7.175178e+00
   6.564280e+00    7.176098e+00
   6.546391e+00    7.176818e+00
   6.528416e+00    7.177345e+00
   6.510368e+00    7.177684e+00
   6.492260e+00    7.177843e+00
   6.474103e+00    7.177828e+00
   6.455910e+00    7.177644e+00
   6.437693e+00    7.177300e+00
   6.419464e+00    7.176801e+00
   6.401235e+00    7.176153e+00
   6.383018e+00    7.175364e+00
   6.364825e+00    7.174439e+00
   6.346667e+00    7.173385e+00
   6.328557e+00    7.172209e+00
   6.310506e+00    7.170916e+00
   6.292526e+00    7.169514e+00
   6.274628e+00    7.168008e+00
   6.256824e+00    7.166404e+00
   6.239125e+00    7.164709e+00
   6.221542e+00    7.162929e+00
   6.204086e+00    7.161070e+00
   6.186768e+00    7.159137e+00
   6.169600e+00    7.157138e+00
   6.152591e+00    7.155077e+00
   6.135753e+00    7.152960e+00
   6.119096e+00    7.150794e+00
   6.102631e+00    7.148584e+00
   6.086366e+00    7.146335e+00
   6.070313e+00    7.144053e+00
   6.054482e+00    7.141743e+00
   6.038882e+00    7.139411e+00
   6.023522e+00    7.137061e+00
   6.008412e+00    7.134700e+00
   5.993562e+00    7.132331e+00
   5.978980e+00    7.129961e+00
   5.964675e+00    7.127593e+00
   5.950656e+00    7.125233e+00
   5.936932e+00    7.122885e+00
   5.923510e+00    7.120554e+00
   5.910399e+00    7.118243e+00
   5.897607e+00    7.115959e+00
   5.885140e+00    7.113703e+00
   5.873008e+00    7.111482e+00
   5.861217e+00    7.109298e+00
   5.849774e+00    7.107155e+00
   5.838686e+00    7.105058e+00
   5.827960e+00    7.103010e+00
   5.817602e+00    7.101013e+00
   5.807618e+00    7.099073e+00
   5.798014e+00    7.097191e+00
   5.788796e+00    7.095372e+00
   5.779969e+00    7.093617e+00
   5.771539e+00    7.091930e+00
   5.763511e+00    7.090314e+00
   5.755889e+00    7.088770e+00
   5.748678e+00    7.087303e+00
   5.741881e+00    7.085913e+00
   5.735504e+00    7.084603e+00
   5.729550e+00    7.083375e+00
   5.724022e+00    7.082231e+00
   5.718924e+00    7.081173e+00
   5.714259e+00    7.080202e+00
   5.710029e+00    7.079320e+00
   5.706237e+00    7.078528e+00
   5.702885e+00    7.077828e+00
   5.699975e+00    7.077220e+00
   5.697509e+00    7.076706e+00
   5.695488e+00    7.076285e+00
   5.693913e+00    7.075960e+00
   5.692786e+00    7.075729e+00
   5.692107e+00    7.075595e+00
   5.691877e+00    7.075556e+00
   5.691877e+00    7.075556e+00
   5.690558e+00    7.074538e+00
   5.686934e+00    7.071154e+00
   5.681009e+00    7.065407e+00
   5.672790e+00    7.057305e+00
   5.662285e+00    7.046858e+00
   5.649507e+00    7.034077e+00
   5.634470e+00    7.018978e+00
   5.617191e+00    7.001580e+00
   5.597688e+00    6.981902e+00
   5.575983e+00    6.959968e+00
   5.552101e+00    6.935806e+00
   5.526068e+00    6.909442e+00
   5.497912e+00    6.880908e+00
   5.467665e+00    6.850239e+00
   5.435361e+00    6.817469e+00
   5.401034e+00    6.782638e+00
   5.364723e+00    6.745787e+00
   5.326468e+00    6.706958e+00
   5.286311e+00    6.666197e+00
   5.244296e+00    6.623551e+00
   5.200470e+00    6.579068e+00
   5.154879e+00    6.532801e+00
   5.107576e+00    6.484801e+00
   5.058611e+00    6.435124e+00
   5.008037e+00    6.383825e+00
   4.955911e+00    6.330964e+00
   4.902288e+00    6.276597e+00
   4.847228e+00    6.220788e+00
   4.790790e+00    6.163596e+00
   4.733035e+00    6.105086e+00
   4.674026e+00    6.045321e+00
   4.613827e+00    5.984366e+00
   4.552502e+00    5.922288e+00
   4.490118e+00    5.859153e+00
   4.426740e+00    5.795029e+00
   4.362438e+00    5.729984e+00
   4.297280e+00    5.664087e+00
   4.231334e+00    5.597406e+00
   4.164671e+00    5.530012e+00
   4.097361e+00    5.461974e+00
   4.029475e+00    5.393362e+00
   3.961084e+00    5.324246e+00
   3.892260e+00    5.254696e+00
   3.823073e+00    5.184784e+00
   3.753596e+00    5.114578e+00
   3.683900e+00    5.044148e+00
   3.614057e+00    4.973565e+00
   3.544137e+00    4.902898e+00
   3.474212e+00    4.832215e+00
   3.404352e+00    4.761585e+00
   3.334627e+00    4.691077e+00
   3.265107e+00    4.620758e+00
   3.195860e+00    4.550694e+00
   3.126955e+00    4.480953e+00
   3.058459e+00    4.411600e+00
   2.990438e+00    4.342699e+00
   2.922958e+00    4.274315e+00
   2.856083e+00    4.206512e+00
   2.789877e+00    4.139350e+00
   2.724402e+00    4.072893e+00
   2.659718e+00    4.007200e+00
   2.595886e+00    3.942330e+00
   2.532964e+00    3.878343e+00
   2.471009e+00    3.815295e+00
   2.410077e+00    3.753242e+00
   2.350221e+00    3.692239e+00
   2.291494e+00    3.632341e+00
   2.233947e+00    3.573600e+00
   2.177630e+00    3.516066e+00
   2.122589e+00    3.459789e+00
   2.068872e+00    3.404819e+00
   2.016523e+00    3.351202e+00
   1.965583e+00    3.298985e+00
   1.916095e+00    3.248210e+00
   1.868096e+00    3.198921e+00
   1.821626e+00    3.151159e+00
   1.776718e+00    3.104963e+00
   1.733407e+00    3.060372e+00
   1.691725e+00    3.017422e+00
   1.651702e+00    2.976148e+00
   1.613367e+00    2.936583e+00
   1.576747e+00    2.898757e+00
   1.541866e+00    2.862702e+00
   1.508748e+00    2.828445e+00
   1.477416e+00    2.796012e+00
   1.447888e+00    2.765428e+00
   1.420183e+00    2.736716e+00
   1.394320e+00    2.709897e+00
   1.370313e+00    2.684991e+00
   1.348176e+00    2.662015e+00
   1.327922e+00    2.640985e+00
   1.309563e+00    2.621917e+00
   1.293110e+00    2.604823e+00
   1.278571e+00    2.589714e+00
   1.265953e+00    2.576602e+00
   1.255265e+00    2.565493e+00
   1.246512e+00    2.556395e+00
   1.239698e+00    2.549314e+00
   1.234828e+00    2.544254e+00
   1.231905e+00    2.541217e+00
   1.230929e+00    2.540205e+00
   1.230929e+00    2.540205e+00
   1.231905e+00    2.541217e+00
   1.234828e+00    2.544254e+00
   1.239698e+00    2.549314e+00
   1.246512e+00    2.556395e+00
   1.255265e+00    2.565493e+00
   1.265953e+00    2.576602e+00
   1.278571e+00    2.589714e+00
   1.293110e+00    2.604823e+00
   1.309563e+00    2.621917e+00
   1.327922e+00    2.640985e+00
   1.348176e+00    2.662015e+00
   1.370313e+00    2.684991e+00
   1.394320e+00    2.709897e+00
   1.420183e+00    2.736716e+00
   1.447888e+00    2.765428e+00
   1.477416e+00    2.796012e+00
   1.508748e+00    2.828445e+00
   1.541866e+00    2.862702e+00
   1.576747e+00    2.898757e+00
   1.613367e+00    2.936583e+00
   1.651702e+00    2.976148e+00
   1.691725e+00    3.017422e+00
   1.733407e+00    3.060372e+00
   1.776718e+00    3.104963e+00
   1.821626e+00    3.151159e+00
   1.868096e+00    3.198921e+00
   1.916095e+00    3.248210e+00
   1.965583e+00    3.298985e+00
   2.016523e+00    3.351202e+00
   2.068872e+00    3.404819e+00
   2.122589e+00    3.459789e+00
   2.177630e+00    3.516066e+00
   2.233947e+00    3.573600e+00
   2.291494e+00    3.632341e+00
   2.350221e+00    3.692239e+00
   2.410077e+00    3.753242e+00
   2.471009e+00    3.815295e+00
   2.532964e+00    3.878343e+00
   2.595886e+00    3.942330e+00
   2.659718e+00    4.007200e+00
   2.724402e+00    4.072893e+00
   2.789877e+00    4.139350e+00
   2.856083e+00    4.206512e+00
   2.922958e+00    4.274315e+00
   2.990438e+00    4.342699e+00
   3.058459e+00    4.411600e+00
   3.126955e+00    4.480953e+00
   3.195860e+00    4.550694e+00
   3.265107e+00    4.620758e+00
   3.334627e+00    4.691077e+00
   3.404352e+00    4.761585e+00
   3.474212e+00    4.832215e+00
   3.544137e+00    4.902898e+00
   3.614057e+00    4.973565e+00
   3.683900e+00    5.044148e+00
   3.753596e+00    5.114578e+00
   3.823073e+00    5.184784e+00
   3.892260e+00    5.254696e+00
   3.961084e+00    5.324246e+00
   4.029475e+00    5.393362e+00
   4.097361e+00    5.461974e+00
   4.164671e+00    5.530012e+00
   4.231334e+00    5.597406e+00
   4.297280e+00    5.664087e+00
   4.362438e+00    5.729984e+00
   4.426740e+00    5.795029e+00
   4.490118e+00    5.859153e+00
   4.552502e+00    5.922288e+00
   4.613827e+00    5.984366e+00
   4.674026e+00    6.045321e+00
   4.733035e+00    6.105086e+00
   4.790790e+00    6.163596e+00
   4.847228e+00    6.220788e+00
   4.902288e+00    6.276597e+00
   4.955911e+00    6.330964e+00
   5.008037e+00    6.383825e+00
   5.058611e+00    6.435124e+00
   5.107576e+00    6.484801e+00
   5.154879e+00    6.532801e+00
   5.200470e+00    6.579068e+00
   5.244296e+00    6.623551e+00
   5.286311e+00    6.666197e+00
   5.326468e+00    6.706958e+00
   5.364723e+00    6.745787e+00
   5.401034e+00    6.782638e+00
   5.435361e+00    6.817469e+00
   5.467665e+00    6.850239e+00
   5.497912e+00    6.880908e+00
   5.526068e+00    6.909442e+00
   5.552101e+00    6.935806e+00
   5.575983e+00    6.959968e+00
   5.597688e+00    6.981902e+00
   5.617191e+00    7.001580e+00
   5.634470e+00    7.018978e+00
   5.649507e+00    7.034077e+00
   5.662285e+00    7.046858e+00
   5.672790e+00    7.057305e+00
   5.681009e+00    7.065407e+00
   5.686934e+00    7.071154e+00
   5.690558e+00    7.074538e+00
   5.691877e+00    7.075556e+00
   5.691877e+00    7.075556e+00
   5.692107e+00    7.075595e+00
   5.692786e+00    7.075729e+00
   5.693913e+00    7.075960e+00
   5.695488e+00    7.076285e+00
   5.697509e+00    7.076706e+00
   5.699975e+00    7.077220e+00
   5.702885e+00    7.077828e+00
   5.706237e+00    7.078528e+00
   5.710029e+00    7.079320e+00
   5.714259e+00    7.080202e+00
   5.718924e+00    7.081173e+00
   5.724022e+00    7.082231e+00
   5.729550e+00    7.083375e+00
   5.735504e+00    7.084603e+00
   5.741881e+00    7.085913e+00
   5.748678e+00    7.087303e+00
   5.755889e+00    7.088770e+00
   5.763511e+00    7.090314e+00
   5.771539e+00    7.091930e+00
   5.779969e+00    7.093617e+00
   5.788796e+00    7.095372e+00
   5.798014e+00    7.097191e+00
   5.807618e+00    7.099073e+00
   5.817602e+00    7.101013e+00
   5.827960e+00    7.103010e+00
   5.838686e+00    7.105058e+00
   5.849774e+00    7.107155e+00
   5.861217e+00    7.109298e+00
   5.873008e+00    7.111482e+00
   5.885140e+00    7.113703e+00
   5.897607e+00    7.115959e+00
   5.910399e+00    7.118243e+00
   5.923510e+00    7.120554e+00
   5.936932e+00    7.122885e+00
   5.950656e+00    7.125233e+00
   5.964675e+00    7.127593e+00
   5.978980e+00    7.129961e+00
   5.993562e+00    7.132331e+00
   6.008412e+00    7.134700e+00
   6.023522e+00    7.137061e+00
   6.038882e+00    7.139411e+00
   6.054482e+00    7.141743e+00
   6.070313e+00    7.144053e+00
   6.086366e+00    7.146335e+00
   6.102631e+00    7.148584e+00
   6.119096e+00    7.150794e+00
   6.135753e+00    7.152960e+00
   6.152591e+00    7.155077e+00
   6.169600e+00    7.157138e+00
   6.186768e+00    7.159137e+00
   6.204086e+00    7.161070e+00
   6.221542e+00    7.162929e+00
   6.239125e+00    7.164709e+00
   6.256824e+00    7.166404e+00
   6.274628e+00    7.168008e+00
   6.292526e+00    7.169514e+00
   6.310506e+00    7.170916e+00
   6.328557e+00    7.172209e+00
   6.346667e+00    7.173385e+00
   6.364825e+00    7.174439e+00
   6.383018e+00    7.175364e+00
   6.401235e+00    7.176153e+00
   6.419464e+00    7.176801e+00
   6.437693e+00    7.177300e+00
   6.455910e+00    7.177644e+00
   6.474103e+00    7.177828e+00
   6.492260e+00    7.177843e+00
   6.510368e+00    7.177684e+00
   6.528416e+00    7.177345e+00
   6.546391e+00    7.176818e+00
   6.564280e+00    7.176098e+00
   6.582073e+00    7.175178e+00
   6.599755e+00    7.174051e+00
   6.617315e+00    7.172711e+00
   6.634741e+00    7.171152e+00
   6.652019e+00    7.169368e+00
   6.669138e+00    7.167353e+00
   6.686085e+00    7.165099e+00
   6.702847e+00    7.162603e+00
   6.719412e+00    7.159857e+00
   6.735766e+00    7.156856e+00
   6.751898e+00    7.153595e+00
   6.767794e+00    7.150068e+00
   6.783440e+00    7.146271e+00
   6.798824e+00    7.142199e+00
   6.813932e+00    7.137849e+00
   6.828749e+00    7.133217e+00
   6.843260e+00    7.128300e+00
   6.857449e+00    7.123097e+00
   6.871299e+00    7.117609e+00
   6.884791e+00    7.111837e+00
   6.897902e+00    7.105788e+00
   6.910605e+00    7.099472e+00
   6.922868e+00    7.092904e+00
   6.934646e+00    7.086115e+00
   6.945877e+00    7.079149e+00
   6.956468e+00    7.072084e+00
   6.966271e+00    7.065053e+00
   6.975037e+00    7.058289e+00
   6.982334e+00    7.052211e+00
   6.987443e+00    7.047522e+00
   6.987106e+00    7.047826e+00
   6.987958e+00    7.045342e+00
   6.975654e+00    7.052651e+00
   6.956219e+00    7.063623e+00
   6.933114e+00    7.074699e+00
   6.907485e+00    7.084635e+00
   6.879736e+00    7.092942e+00
   6.850026e+00    7.099376e+00
   6.818425e+00    7.103793e+00
   6.784962e+00    7.106093e+00
   6.749648e+00    7.106202e+00
   6.712487e+00    7.104060e+00
   6.673479e+00    7.099620e+00
   6.632623e+00    7.092839e+00
   6.589919e+00    7.083683e+00
   6.545368e+00    7.072125e+00
   6.498973e+00    7.058141e+00
   6.450741e+00    7.041715e+00
   6.400679e+00    7.022834e+00
   6.348799e+00    7.001490e+00
   6.295115e+00    6.977681e+00
   6.239645e+00    6.951409e+00
   6.182407e+00    6.922681e+00
   6.123427e+00    6.891509e+00
   6.062730e+00    6.857908e+00
   6.000346e+00    6.821900e+00
   5.936308e+00    6.783510e+00
   5.870652e+00    6.742767e+00
   5.803417e+00    6.699705e+00
   5.734645e+00    6.654364e+00
   5.664381e+00    6.606784e+00
   5.592672e+00    6.557014e+00
   5.519571e+00    6.505103e+00
   5.445129e+00    6.451107e+00
   5.369404e+00    6.395083e+00
   5.292454e+00    6.337094e+00
   5.214340e+00    6.277204e+00
   5.135127e+00    6.215484e+00
   5.054879e+00    6.152005e+00
   4.973666e+00    6.086842e+00
   4.891557e+00    6.020074e+00
   4.808624e+00    5.951782e+00
   4.724943e+00    5.882049e+00
   4.640587e+00    5.810961e+00
   4.555635e+00    5.738607e+00
   4.470164e+00    5.665078e+00
   4.384256e+00    5.590467e+00
   4.297991e+00    5.514866e+00
   4.211450e+00    5.438373e+00
   4.124718e+00    5.361085e+00
   4.037877e+00    5.283101e+00
   3.951013e+00    5.204520e+00
   3.864209e+00    5.125442e+00
   3.777551e+00    5.045971e+00
   3.691124e+00    4.966206e+00
   3.605013e+00    4.886252e+00
   3.519304e+00    4.806209e+00
   3.434082e+00    4.726182e+00
   3.349430e+00    4.646271e+00
   3.265434e+00    4.566581e+00
   3.182177e+00    4.487211e+00
   3.099741e+00    4.408263e+00
   3.018209e+00    4.329837e+00
   2.937662e+00    4.252034e+00
   2.858179e+00    4.174950e+00
   2.779840e+00    4.098683e+00
   2.702721e+00    4.023329e+00
   2.626899e+00    3.948982e+00
   2.552448e+00    3.875734e+00
   2.479442e+00    3.803677e+00
   2.407950e+00    3.732898e+00
   2.338044e+00    3.663485e+00
   2.269789e+00    3.595523e+00
   2.203253e+00    3.529093e+00
   2.138498e+00    3.464277e+00
   2.075585e+00    3.401151e+00
   2.014574e+00    3.339791e+00
   1.955523e+00    3.280270e+00
   1.898484e+00    3.222657e+00
   1.843511e+00    3.167018e+00
   1.790654e+00    3.113419e+00
   1.739959e+00    3.061921e+00
   1.691472e+00    3.012581e+00
   1.645235e+00    2.965454e+00
   1.601287e+00    2.920593e+00
   1.559665e+00    2.878047e+00
   1.520405e+00    2.837861e+00
   1.483538e+00    2.800079e+00
   1.449093e+00    2.764739e+00
   1.417098e+00    2.731879e+00
   1.387577e+00    2.701531e+00
   1.360553e+00    2.673726e+00
   1.336044e+00    2.648493e+00
   1.314070e+00    2.625854e+00
   1.294644e+00    2.605832e+00
   1.277782e+00    2.588446e+00
   1.263493e+00    2.573711e+00
   1.251788e+00    2.561643e+00
   1.242674e+00    2.552250e+00
   1.236157e+00    2.545543e+00
   1.232241e+00    2.541527e+00
   1.230929e+00    2.540205e+00
   1.230929e+00    2.540205e+00
   1.230929e+00    2.540205e+00
   1.230929e+00    2.540205e+00
   1.230929e+00    2.540205e+00
   1.230929e+00    2.540205e+00
   1.230929e+00    2.540205e+00
   1.230929e+00    2.540205e+00
   1.230929e+00    2.540205e+00
   1.230929e+00    2.540205e+00
   1.230929e+00    2.540205e+00
   1.230929e+00    2.540205e+00
   1.230929e+00    2.540205e+00
   1.230929e+00    2.540205e+00
   1.230929e+00    2.540205e+00
   1.230929e+00    2.540205e+00
   1.230929e+00    2.540205e+00
   1.230929e+00    2.540205e+00
   1.230929e+00    2.540205e+00
   1.230929e+00    2.540205e+00
   1.230929e+00    2.540205e+00
   1.230929e+00    2.540205e+00
   1.230929e+00    2.540205e+00
   1.230929e+00    2.540205e+00
   1.230929e+00    2.540205e+00
   1.230929e+00    2.540205e+00
   1.230929e+00    2.540205e+00
   1.230929e+00    2.540205e+00
   1.230929e+00    2.540205e+00
   1.230929e+00    2.540205e+00
   1.230929e+00    2.540205e+00
   1.230929e+00    2.540205e+00
   1.230929e+00    2.540205e+00
   1.230929e+00    2.540205e+00
   1.230929e+00    2.540205e+00
   1.230929e+00    2.540205e+00
   1.230929e+00    2.540205e+00
   1.230929e+00    2.540205e+00
   1.230929e+00    2.540205e+00
   1.230929e+00    2.540205e+00
   1.230929e+00    2.540205e+00
   1.230929e+00    2.540205e+00
   1.230929e+00    2.540205e+00
   1.230929e+00    2.540205e+00
   1.230929e+00    2.540205e+00
   1.230929e+00    2.540205e+00
   1.230929e+00    2.540205e+00
   1.230929e+00    2.540205e+00
   1.230929e+00    2.540205e+00
   1.230929e+00    2.540205e+00
   1.230929e+00    2.540205e+00
   1.230929e+00    2.540205e+00
   1.230929e+00    2.540205e+00
   1.230929e+00    2.540205e+00
   1.230929e+00    2.540205e+00
   1.230929e+00    2.540205e+00
   1.230929e+00    2.540205e+00
   1.230929e+00    2.540205e+00
   1.230929e+00    2.540205e+00
   1.230929e+00    2.540205e+00
   1.230929e+00    2.540205e+00
   1.230929e+00    2.540205e+00
   1.230929e+00    2.540205e+00
   1.230929e+00    2.540205e+00
   1.230929e+00    2.540205e+00
   1.230929e+00    2.540205e+00
   1.230929e+00    2.540205e+00
   1.230929e+00    2.540205e+00
   1.230929e+00    2.540205e+00
   1.230929e+00    2.540205e+00
   1.230929e+00    2.540205e+00
   1.230929e+00    2.540205e+00
   1.230929e+00    2.540205e+00
   1.230929e+00    2.540205e+00
   1.230929e+00    2.540205e+00
   1.230929e+00    2.540205e+00
   1.230929e+00    2.540205e+00
   1.230929e+00    2.540205e+00
   1.230929e+00    2.540205e+00
   1.230929e+00    2.540205e+00
   1.230929e+00    2.540205e+00
   1.230929e+00    2.540205e+00
   1.230929e+00    2.540205e+00
   1.230929e+00    2.540205e+00
   1.230929e+00    2.540205e+00
   1.230929e+00    2.540205e+00
   1.230929e+00    2.540205e+00
   1.230929e+00    2.540205e+00
   1.230929e+00    2.540205e+00
   1.230929e+00    2.540205e+00
   1.230929e+00    2.540205e+00
   1.230929e+00    2.540205e+00
   1.230929e+00    2.540205e+00
   1.230929e+00    2.540205e+00
   1.230929e+00    2.540205e+00
   1.230929e+00    2.540205e+00
   1.230929e+00    2.540205e+00
   1.230929e+00    2.540205e+00
   1.230929e+00    2.540205e+00
   1.230929e+00    2.540205e+00
   1.230929e+00    2.540205e+00
   1.230929e+00    2.540205e+00
   1.230929e+00    2.540205e+00
   5.727805e+00    7.044047e+00
   5.726812e+00    7.042686e+00
   5.723482e+00    7.038986e+00
   5.717818e+00    7.032950e+00
   5.709825e+00    7.024587e+00
   5.699514e+00    7.013907e+00
   5.686894e+00    7.000922e+00
   5.671981e+00    6.985648e+00
   5.654791e+00    6.968103e+00
   5.635343e+00    6.948308e+00
   5.613658e+00    6.926287e+00
   5.589761e+00    6.902067e+00
   5.563679e+00    6.875675e+00
   5.535440e+00    6.847143e+00
   5.505075e+00    6.816505e+00
   5.472620e+00    6.783796e+00
   5.438109e+00    6.749055e+00
   5.401582e+00    6.712323e+00
   5.363078e+00    6.673643e+00
   5.322641e+00    6.633058e+00
   5.280316e+00    6.590616e+00
   5.236149e+00    6.546365e+00
   5.190189e+00    6.500357e+00
   5.142488e+00    6.452643e+00
   5.093097e+00    6.403277e+00
   5.042073e+00    6.352315e+00
   4.989470e+00    6.299815e+00
   4.935347e+00    6.245833e+00
   4.879763e+00    6.190431e+00
   4.822779e+00    6.133669e+00
   4.764459e+00    6.075610e+00
   4.704865e+00    6.016316e+00
   4.644062e+00    5.955852e+00
   4.582117e+00    5.894282e+00
   4.519097e+00    5.831673e+00
   4.455070e+00    5.768090e+00
   4.390106e+00    5.703602e+00
   4.324274e+00    5.638275e+00
   4.257644e+00    5.572178e+00
   4.190289e+00    5.505379e+00
   4.122279e+00    5.437946e+00
   4.053687e+00    5.369949e+00
   3.984586e+00    5.301456e+00
   3.915047e+00    5.232537e+00
   3.845144e+00    5.163261e+00
   3.774950e+00    5.093696e+00
   3.704537e+00    5.023911e+00
   3.633979e+00    4.953976e+00
   3.563346e+00    4.883957e+00
   3.492712e+00    4.813924e+00
   3.422148e+00    4.743943e+00
   3.351724e+00    4.674082e+00
   3.281512e+00    4.604408e+00
   3.211581e+00    4.534986e+00
   3.142001e+00    4.465881e+00
   3.072838e+00    4.397159e+00
   3.004161e+00    4.328884e+00
   2.936036e+00    4.261118e+00
   2.868528e+00    4.193924e+00
   2.801700e+00    4.127364e+00
   2.735617e+00    4.061498e+00
   2.670338e+00    3.996387e+00
   2.605925e+00    3.932088e+00
   2.542437e+00    3.868659e+00
   2.479930e+00    3.806157e+00
   2.418461e+00    3.744638e+00
   2.358084e+00    3.684155e+00
   2.298853e+00    3.624763e+00
   2.240817e+00    3.566512e+00
   2.184028e+00    3.509454e+00
   2.128533e+00    3.453639e+00
   2.074378e+00    3.399113e+00
   2.021607e+00    3.345924e+00
   1.970265e+00    3.294117e+00
   1.920391e+00    3.243736e+00
   1.872024e+00    3.194823e+00
   1.825203e+00    3.147420e+00
   1.779963e+00    3.101565e+00
   1.736338e+00    3.057297e+00
   1.694359e+00    3.014652e+00
   1.654058e+00    2.973664e+00
   1.615462e+00    2.934366e+00
   1.578598e+00    2.896791e+00
   1.543491e+00    2.860968e+00
   1.510165e+00    2.826925e+00
   1.478640e+00    2.794689e+00
   1.448937e+00    2.764285e+00
   1.421074e+00    2.735736e+00
   1.395068e+00    2.709063e+00
   1.370933e+00    2.684288e+00
   1.348683e+00    2.661429e+00
   1.328331e+00    2.640503e+00
   1.309886e+00    2.621524e+00
   1.293360e+00    2.604508e+00
   1.278759e+00    2.589466e+00
   1.266091e+00    2.576410e+00
   1.255362e+00    2.565348e+00
   1.246577e+00    2.556290e+00
   1.239738e+00    2.549242e+00
   1.234850e+00    2.544210e+00
   1.231913e+00    2.541196e+00
   1.230929e+00    2.540205e+00
   1.230929e+00    2.540205e+00
   1.231913e+00    2.541196e+00
   1.234850e+00    2.544210e+00
   1.239738e+00    2.549242e+00
   1.246577e+00    2.556290e+00
   1.255362e+00    2.565348e+00
   1.266091e+00    2.576410e+00
   1.278759e+00    2.589466e+00
   1.293360e+00    2.604508e+00
   1.309886e+00    2.621524e+00
   1.328331e+00    2.640503e+00
   1.348683e+00    2.661429e+00
   1.370933e+00    2.684288e+00
   1.395068e+00    2.709063e+00
   1.421074e+00    2.735736e+00
   1.448937e+00    2.764285e+00
   1.478640e+00    2.794689e+00
   1.510165e+00    2.826925e+00
   1.543491e+00    2.860968e+00
   1.578598e+00    2.896791e+00
   1.615462e+00    2.934366e+00
   1.654058e+00    2.973664e+00
   1.694359e+00    3.014652e+00
   1.736338e+00    3.057297e+00
   1.779963e+00    3.101565e+00
   1.825203e+00    3.147420e+00
   1.872024e+00    3.194823e+00
   1.920391e+00    3.243736e+00
   1.970265e+00    3.294117e+00
   2.021607e+00    3.345924e+00
   2.074378e+00    3.399113e+00
   2.128533e+00    3.453639e+00
   2.184028e+00    3.509454e+00
   2.240817e+00    3.566512e+00
   2.298853e+00    3.624763e+00
   2.358084e+00    3.684155e+00
   2.418461e+00    3.744638e+00
   2.479930e+00    3.806157e+00
   2.542437e+00    3.868659e+00
   2.605925e+00    3.932088e+00
   2.670338e+00    3.996387e+00
   2.735617e+00    4.061498e+00
   2.801700e+00    4.127364e+00
   2.868528e+00    4.193924e+00
   2.936036e+00    4.261118e+00
   3.004161e+00    4.328884e+00
   3.072838e+00    4.397159e+00
   3.142001e+00    4.465881e+00
   3.211581e+00    4.534986e+00
   3.281512e+00    4.604408e+00
   3.351724e+00    4.674082e+00
   3.422148e+00    4.743943e+00
   3.492712e+00    4.813924e+00
   3.563346e+00    4.883957e+00
   3.633979e+00    4.953976e+00
   3.704537e+00    5.023911e+00
   3.774950e+00    5.093696e+00
   3.845144e+00    5.163261e+00
   3.915047e+00    5.232537e+00
   3.984586e+00    5.301456e+00
   4.053687e+00    5.369949e+00
   4.122279e+00    5.437946e+00
   4.190289e+00    5.505379e+00
   4.257644e+00    5.572178e+00
   4.324274e+00    5.638275e+00
   4.390106e+00    5.703602e+00
   4.455070e+00    5.768090e+00
   4.519097e+00    5.831673e+00
   4.582117e+00    5.894282e+00
   4.644062e+00    5.955852e+00
   4.704865e+00    6.016316e+00
   4.764459e+00    6.075610e+00
   4.822779e+00    6.133669e+00
   4.879763e+00    6.190431e+00
   4.935347e+00    6.245833e+00
   4.989470e+00    6.299815e+00
   5.042073e+00    6.352315e+00
   5.093097e+00    6.403277e+00
   5.142488e+00    6.452643e+00
   5.190189e+00    6.500357e+00
   5.236149e+00    6.546365e+00
   5.280316e+00    6.590616e+00
   5.322641e+00    6.633058e+00
   5.363078e+00    6.673643e+00
   5.401582e+00    6.712323e+00
   5.438109e+00    6.749055e+00
   5.472620e+00    6.783796e+00
   5.505075e+00    6.816505e+00
   5.535440e+00    6.847143e+00
   5.563679e+00    6.875675e+00
   5.589761e+00    6.902067e+00
   5.613658e+00    6.926287e+00
   5.635343e+00    6.948308e+00
   5.654791e+00    6.968103e+00
   5.671981e+00    6.985648e+00
   5.686894e+00    7.000922e+00
   5.699514e+00    7.013907e+00
   5.709825e+00    7.024587e+00
   5.717818e+00    7.032950e+00
   5.723482e+00    7.038986e+00
   5.726812e+00    7.042686e+00
   5.727805e+00    7.044047e+00
