███╗   ███╗  █████╗   ██████╗  ███╗   ██╗  ██████╗  ██████╗  ██╗   ██╗
████╗ ████║ ██╔══██╗ ██╔════╝  ████╗  ██║ ██╔═══██╗ ██╔══██╗ ╚██╗ ██╔╝
██╔████╔██║ ███████║ ██║  ███╗ ██╔██╗ ██║ ██║   ██║ ██████╔╝  ╚████╔╝ 
██║╚██╔╝██║ ██╔══██║ ██║  ╚██║ ██║╚██╗██║ ██║   ██║ ██╔═══╝    ╚██╔╝  
██║ ╚═╝ ██║ ██║  ██║ ╚██████╔╝ ██║ ╚████║ ╚██████╔╝ ██║         ██║   
╚═╝     ╚═╝ ╚═╝  ╚═╝  ╚═════╝  ╚═╝  ╚═══╝  ╚═════╝  ╚═╝         ╚═╝   
                      Version: 0.2.0                       ▄   ▄      
                Documentation: magnopy.org                 █▀█▀█      
             Release date: 10 September 2025               █▄█▄█      
                    License: GNU GPLv3                      ███   ▄▄  
          Copyright (C) 2023-2025  Magnopy Team             ████ █  █ 
                                                            ████    █ 
        Generated on 9 September 2025 at 21:54:25           ▀▀▀▀▀▀▀▀  

======================================== Comment =========================================

Source of the parameters is "GROGU".
Loaded parameters of the spin Hamiltonian from the file
  ../reference-CrI3.txt.

=================================== Start optimization ===================================

Energy tolerance : 1.00000e-05
Torque tolerance : 1.00000e-05
Minimizing on the supercell of 5 x 5 x 1 unit cells.

Spin directions of the initial guess are saved in file
  optimize-sd-5-5/INITIAL_GUESS.TXT
─────┬─────────────┬─────────────┬─────────────
step │     E_0     │  delta E_0  │ max torque 
─────┴─────────────┴─────────────┴─────────────
1       12.4960021     5.1334117     5.1935201
2       -2.3027754    14.7987775     5.4040513
3       -5.4492264     3.1464510     4.5449121
4      -16.6215032    11.1722769     5.0474752
5      -40.2801562    23.6586530     5.2982826
6      -40.2801761     0.0000199     5.2964914
7      -53.9686144    13.6884383     6.7088909
8      -63.6566557     9.6880413     5.7054259
9      -68.4223245     4.7656687     5.4195940
10     -97.8240973    29.4017728     6.2632289
11     -97.8721207     0.0480234     6.2899387
12     -104.8203541     6.9482334     5.3991117
13     -126.3068675    21.4865134     5.5056298
14     -131.4839950     5.1771274     5.4160762
15     -135.3356695     3.8516746     5.7654737
16     -144.8130229     9.4773534     6.2149126
17     -146.2348805     1.4218575     6.3831814
18     -151.5751150     5.3402345     6.3434263
19     -152.3882131     0.8130981     6.3058668
20     -154.5279583     2.1397452     5.0880493
21     -162.8882897     8.3603314     4.3079395
22     -166.0072986     3.1190088     3.9380360
23     -166.8092226     0.8019240     3.8004458
24     -168.6557045     1.8464820     3.3484593
25     -170.0581773     1.4024727     3.3791974
26     -171.0719329     1.0137557     3.3954997
27     -171.5851273     0.5131943     3.3434108
28     -172.2453466     0.6602194     3.3519103
29     -174.1145245     1.8691778     3.1327492
30     -174.7176910     0.6031665     3.0734735
31     -175.8639162     1.1462252     2.8962685
32     -176.7382112     0.8742951     2.7862291
33     -177.1451589     0.4069477     2.6050812
34     -177.4891522     0.3439933     2.4637112
35     -177.7911533     0.3020011     2.2372639
36     -178.2342292     0.4430759     1.9805150
37     -178.6706041     0.4363749     1.5888863
38     -179.0346837     0.3640797     1.4936402
39     -179.3865004     0.3518167     1.2955281
40     -179.5466819     0.1601815     1.2291791
41     -179.7179477     0.1712657     1.1440207
42     -179.8347594     0.1168118     1.1189151
43     -179.9577426     0.1229832     1.0466504
44     -180.0766503     0.1189077     0.9898939
45     -180.2156532     0.1390028     0.8534307
46     -180.3296805     0.1140273     0.7595581
47     -180.4219513     0.0922708     0.6138956
48     -180.4735964     0.0516450     0.5935935
49     -180.5104850     0.0368887     0.5650377
50     -180.5381574     0.0276724     0.6028280
51     -180.5633582     0.0252008     0.5687173
52     -180.5891303     0.0257721     0.5846573
53     -180.6160287     0.0268984     0.5381927
54     -180.6411893     0.0251606     0.5656364
55     -180.6598297     0.0186404     0.5744428
56     -180.6717858     0.0119561     0.5819421
57     -180.6741074     0.0023216     0.5734456
58     -180.6852509     0.0111435     0.5742554
59     -180.6905911     0.0053402     0.5487894
60     -180.6991817     0.0085906     0.5285268
61     -180.7040847     0.0049030     0.5071125
62     -180.7079964     0.0039117     0.4974753
63     -180.7107405     0.0027441     0.4862720
64     -180.7122767     0.0015361     0.4837622
65     -180.7139584     0.0016817     0.4748660
66     -180.7159840     0.0020256     0.4718427
67     -180.7186018     0.0026179     0.4620307
68     -180.7225775     0.0039757     0.4594102
69     -180.7267625     0.0041850     0.4478113
70     -180.7308148     0.0040523     0.4455876
71     -180.7335393     0.0027245     0.4353862
72     -180.7356029     0.0020636     0.4317678
73     -180.7374054     0.0018025     0.4190914
74     -180.7394946     0.0020892     0.4090446
75     -180.7420548     0.0025602     0.3853991
76     -180.7456772     0.0036225     0.3587372
77     -180.7495688     0.0038915     0.3232428
78     -180.7542011     0.0046323     0.2672106
79     -180.7573295     0.0031284     0.2306192
80     -180.7590868     0.0017572     0.1974316
81     -180.7604919     0.0014052     0.1776982
82     -180.7617117     0.0012198     0.1622533
83     -180.7632394     0.0015277     0.1589626
84     -180.7651994     0.0019600     0.1340410
85     -180.7675825     0.0023831     0.1277657
86     -180.7690389     0.0014564     0.1080368
87     -180.7701590     0.0011201     0.1043230
88     -180.7706071     0.0004481     0.0952050
89     -180.7709856     0.0003785     0.0935783
90     -180.7712476     0.0002619     0.0862393
91     -180.7715856     0.0003381     0.0835434
92     -180.7719643     0.0003786     0.0734614
93     -180.7724503     0.0004860     0.0679817
94     -180.7729141     0.0004638     0.0599839
95     -180.7733061     0.0003921     0.0555093
96     -180.7735586     0.0002524     0.0575393
97     -180.7737320     0.0001735     0.0549060
98     -180.7738580     0.0001260     0.0554376
99     -180.7739837     0.0001257     0.0515333
100    -180.7741309     0.0001472     0.0503211
101    -180.7743302     0.0001993     0.0426952
102    -180.7745759     0.0002457     0.0383384
103    -180.7748387     0.0002627     0.0323535
104    -180.7750465     0.0002078     0.0275644
105    -180.7751802     0.0001337     0.0263695
106    -180.7752605     0.0000802     0.0230473
107    -180.7753136     0.0000532     0.0228768
108    -180.7753599     0.0000463     0.0217547
109    -180.7754101     0.0000502     0.0210072
110    -180.7754686     0.0000585     0.0187584
111    -180.7755344     0.0000658     0.0166825
112    -180.7755929     0.0000585     0.0136124
113    -180.7756341     0.0000412     0.0113651
114    -180.7756578     0.0000237     0.0092799
115    -180.7756710     0.0000131     0.0079666
116    -180.7756796     0.0000087     0.0074641
117    -180.7756870     0.0000074     0.0079094
118    -180.7756947     0.0000076     0.0072223
119    -180.7757031     0.0000084     0.0069939
120    -180.7757114     0.0000083     0.0056229
121    -180.7757181     0.0000067     0.0047910
122    -180.7757224     0.0000043     0.0039001
123    -180.7757248     0.0000024     0.0033864
124    -180.7757262     0.0000014     0.0031489
125    -180.7757272     0.0000010     0.0031077
126    -180.7757280     0.0000009     0.0028074
127    -180.7757289     0.0000009     0.0026011
128    -180.7757299     0.0000009     0.0021885
129    -180.7757307     0.0000009     0.0018539
130    -180.7757314     0.0000007     0.0015332
131    -180.7757318     0.0000004     0.0014267
132    -180.7757321     0.0000002     0.0013910
133    -180.7757322     0.0000002     0.0013470
134    -180.7757324     0.0000001     0.0012819
135    -180.7757326     0.0000002     0.0012041
136    -180.7757327     0.0000002     0.0012175
137    -180.7757330     0.0000002     0.0011457
138    -180.7757332     0.0000002     0.0010879
139    -180.7757334     0.0000002     0.0009228
140    -180.7757335     0.0000001     0.0008089
141    -180.7757335     0.0000001     0.0006812
142    -180.7757336     0.0000001     0.0005879
143    -180.7757336     0.0000001     0.0006457
144    -180.7757337     0.0000001     0.0006344
145    -180.7757338     0.0000001     0.0006651
146    -180.7757339     0.0000001     0.0005816
147    -180.7757340     0.0000001     0.0005660
148    -180.7757341     0.0000001     0.0004618
149    -180.7757341     0.0000000     0.0004430
150    -180.7757341     0.0000000     0.0003881
151    -180.7757341     0.0000000     0.0003851
152    -180.7757341     0.0000000     0.0004131
153    -180.7757342     0.0000000     0.0003685
154    -180.7757342     0.0000000     0.0003508
155    -180.7757342     0.0000000     0.0002697
156    -180.7757342     0.0000000     0.0001999
157    -180.7757342     0.0000000     0.0001568
158    -180.7757342     0.0000000     0.0001152
159    -180.7757342     0.0000000     0.0001095
160    -180.7757343     0.0000000     0.0001171
161    -180.7757343     0.0000000     0.0001034
162    -180.7757343     0.0000000     0.0001045
163    -180.7757343     0.0000000     0.0000802
164    -180.7757343     0.0000000     0.0000701
165    -180.7757343     0.0000000     0.0000496
166    -180.7757343     0.0000000     0.0000421
167    -180.7757343     0.0000000     0.0000384
168    -180.7757343     0.0000000     0.0000368
169    -180.7757343     0.0000000     0.0000348
170    -180.7757343     0.0000000     0.0000322
171    -180.7757343     0.0000000     0.0000296
172    -180.7757343     0.0000000     0.0000249
173    -180.7757343     0.0000000     0.0000210
174    -180.7757343     0.0000000     0.0000152
175    -180.7757343     0.0000000     0.0000126
176    -180.7757343     0.0000000     0.0000091
───────────────────────────────────────────────
Optimization is done.

Classic ground state energy (E_0) is     -180.775734 meV

Optimized spin directions are saved in file
  optimize-sd-5-5/SPIN_DIRECTIONS.txt

Spin positions are saved in file
  optimize-sd-5-5/SPIN_POSITIONS.txt

Image of spin directions is saved in file
  optimize-sd-5-5/SPIN_DIRECTIONS.html

======================================== Finished ========================================
