 -0.00226255  -0.00123516  -0.99999668
 -0.00198522  -0.00075604  -0.99999774
 -0.00226252  -0.00123586  -0.99999668
 -0.00198519  -0.00075605  -0.99999774
 -0.00226357  -0.00123511  -0.99999668
 -0.00198543  -0.00075567  -0.99999774
 -0.00226221  -0.00123500  -0.99999668
 -0.00198511  -0.00075562  -0.99999774
 -0.00226285  -0.00123475  -0.99999668
 -0.00198533  -0.00075594  -0.99999774
 -0.00226231  -0.00123574  -0.99999668
 -0.00198434  -0.00075683  -0.99999774
 -0.00226130  -0.00123559  -0.99999668
 -0.00198545  -0.00075591  -0.99999774
 -0.00226177  -0.00123474  -0.99999668
 -0.00198452  -0.00075607  -0.99999775
 -0.00226206  -0.00123493  -0.99999668
 -0.00198532  -0.00075695  -0.99999774
 -0.00226234  -0.00123456  -0.99999668
 -0.00198433  -0.00075651  -0.99999775
 -0.00226229  -0.00123517  -0.99999668
 -0.00198470  -0.00075572  -0.99999774
 -0.00226215  -0.00123496  -0.99999668
 -0.00198461  -0.00075565  -0.99999775
 -0.00226133  -0.00123514  -0.99999668
 -0.00198407  -0.00075463  -0.99999775
 -0.00226250  -0.00123522  -0.99999668
 -0.00198386  -0.00075611  -0.99999775
 -0.00226260  -0.00123551  -0.99999668
 -0.00198478  -0.00075666  -0.99999774
 -0.00226343  -0.00123503  -0.99999668
 -0.00198465  -0.00075606  -0.99999774
 -0.00226199  -0.00123507  -0.99999668
 -0.00198500  -0.00075514  -0.99999774
 -0.00226196  -0.00123488  -0.99999668
 -0.00198547  -0.00075437  -0.99999774
 -0.00226240  -0.00123489  -0.99999668
 -0.00198443  -0.00075517  -0.99999775
 -0.00226330  -0.00123527  -0.99999668
 -0.00198514  -0.00075616  -0.99999774
 -0.00226357  -0.00123529  -0.99999668
 -0.00198464  -0.00075624  -0.99999774
 -0.00226335  -0.00123490  -0.99999668
 -0.00198492  -0.00075596  -0.99999774
 -0.00226289  -0.00123531  -0.99999668
 -0.00198434  -0.00075528  -0.99999775
 -0.00226239  -0.00123557  -0.99999668
 -0.00198581  -0.00075475  -0.99999774
 -0.00226338  -0.00123482  -0.99999668
 -0.00198518  -0.00075614  -0.99999774
