Delta
0.000000e+00
8.125789e-06
1.624244e-05
2.434081e-05
3.241180e-05
4.044632e-05
4.843532e-05
5.636980e-05
6.424083e-05
7.203953e-05
7.975710e-05
8.738483e-05
9.491410e-05
1.023364e-04
1.096434e-04
1.168267e-04
1.238782e-04
1.307901e-04
1.375543e-04
1.441633e-04
1.506096e-04
1.568858e-04
1.629849e-04
1.689000e-04
1.746243e-04
1.801515e-04
1.854753e-04
1.905896e-04
1.954889e-04
2.001676e-04
2.046206e-04
2.088430e-04
2.128301e-04
2.165777e-04
2.200818e-04
2.233388e-04
2.263451e-04
2.290980e-04
2.315947e-04
2.338328e-04
2.358105e-04
2.375261e-04
2.389784e-04
2.401665e-04
2.410900e-04
2.417488e-04
2.421431e-04
2.422736e-04
2.421413e-04
2.417478e-04
2.410948e-04
2.401846e-04
2.390198e-04
2.376033e-04
2.359387e-04
2.340296e-04
2.318802e-04
2.294950e-04
2.268790e-04
2.240373e-04
2.209756e-04
2.176999e-04
2.142164e-04
2.105317e-04
2.066528e-04
2.025870e-04
1.983417e-04
1.939248e-04
1.893445e-04
1.846090e-04
1.797269e-04
1.747071e-04
1.695586e-04
1.642907e-04
1.589126e-04
1.534341e-04
1.478647e-04
1.422144e-04
1.364930e-04
1.307105e-04
1.248772e-04
1.190030e-04
1.130983e-04
1.071730e-04
1.012375e-04
9.530183e-05
8.937608e-05
8.347028e-05
7.759434e-05
7.175808e-05
6.597119e-05
6.024321e-05
5.458351e-05
4.900126e-05
4.350547e-05
3.810487e-05
3.280802e-05
2.762316e-05
2.255829e-05
1.762114e-05
1.281910e-05
8.159265e-06
-8.159265e-06
-5.884805e-06
-3.648407e-06
-1.450863e-06
7.070578e-07
2.824608e-06
4.901063e-06
6.935723e-06
8.927910e-06
1.087697e-05
1.278228e-05
1.464322e-05
1.645922e-05
1.822973e-05
1.995422e-05
2.163217e-05
2.326312e-05
2.484660e-05
2.638220e-05
2.786950e-05
2.930815e-05
3.069779e-05
3.203810e-05
3.332878e-05
3.456958e-05
3.576024e-05
3.690057e-05
3.799037e-05
3.902948e-05
4.001778e-05
4.095516e-05
4.184155e-05
4.267689e-05
4.346117e-05
4.419440e-05
4.487660e-05
4.550783e-05
4.608820e-05
4.661780e-05
4.709678e-05
4.752532e-05
4.790360e-05
4.823185e-05
4.851031e-05
4.873927e-05
4.891902e-05
4.904989e-05
4.913223e-05
4.916642e-05
4.915286e-05
4.909199e-05
4.898424e-05
4.883011e-05
4.863010e-05
4.838472e-05
4.809453e-05
4.776010e-05
4.738203e-05
4.696093e-05
4.649745e-05
4.599225e-05
4.544601e-05
4.485944e-05
4.423326e-05
4.356822e-05
4.286509e-05
4.212466e-05
4.134773e-05
4.053512e-05
3.968767e-05
3.880626e-05
3.789175e-05
3.694504e-05
3.596705e-05
3.495870e-05
3.392093e-05
3.285471e-05
3.176100e-05
3.064079e-05
2.949509e-05
2.832490e-05
2.713126e-05
2.591519e-05
2.467776e-05
2.342002e-05
2.214304e-05
2.084790e-05
1.953569e-05
1.820751e-05
1.686447e-05
1.550768e-05
1.413826e-05
1.275734e-05
1.136605e-05
9.965536e-06
8.556935e-06
7.141395e-06
5.720068e-06
4.294108e-06
2.864671e-06
1.432916e-06
-1.016964e-13
-1.016964e-13
-6.902409e-08
-1.379110e-07
-2.065243e-07
-2.747281e-07
-3.423878e-07
-4.093703e-07
-4.755447e-07
-5.407823e-07
-6.049572e-07
-6.679466e-07
-7.296313e-07
-7.898956e-07
-8.486284e-07
-9.057225e-07
-9.610760e-07
-1.014592e-06
-1.066178e-06
-1.115747e-06
-1.163221e-06
-1.208523e-06
-1.251586e-06
-1.292347e-06
-1.330750e-06
-1.366747e-06
-1.400295e-06
-1.431359e-06
-1.459908e-06
-1.485922e-06
-1.509385e-06
-1.530288e-06
-1.548629e-06
-1.564414e-06
-1.577653e-06
-1.588364e-06
-1.596572e-06
-1.602307e-06
-1.605605e-06
-1.606508e-06
-1.605064e-06
-1.601326e-06
-1.595352e-06
-1.587205e-06
-1.576953e-06
-1.564666e-06
-1.550421e-06
-1.534297e-06
-1.516376e-06
-1.496744e-06
-1.475489e-06
-1.452702e-06
-1.428473e-06
-1.402898e-06
-1.376071e-06
-1.348088e-06
-1.319045e-06
-1.289038e-06
-1.258163e-06
-1.226516e-06
-1.194190e-06
-1.161279e-06
-1.127875e-06
-1.094066e-06
-1.059940e-06
-1.025581e-06
-9.910720e-07
-9.564906e-07
-9.219125e-07
-8.874092e-07
-8.530488e-07
-8.188950e-07
-7.850077e-07
-7.514420e-07
-7.182489e-07
-6.854747e-07
-6.531607e-07
-6.213438e-07
-5.900557e-07
-5.593236e-07
-5.291694e-07
-4.996105e-07
-4.706590e-07
-4.423227e-07
-4.146042e-07
-3.875018e-07
-3.610090e-07
-3.351151e-07
-3.098051e-07
-2.850598e-07
-2.608564e-07
-2.371680e-07
-2.139646e-07
-1.912128e-07
-1.688763e-07
-1.469158e-07
-1.252900e-07
-1.039551e-07
-8.286548e-08
-6.197404e-08
-4.123234e-08
-2.059100e-08
0.000000e+00
0.000000e+00
-2.059100e-08
-4.123234e-08
-6.197404e-08
-8.286548e-08
-1.039551e-07
-1.252900e-07
-1.469158e-07
-1.688763e-07
-1.912128e-07
-2.139646e-07
-2.371680e-07
-2.608564e-07
-2.850598e-07
-3.098051e-07
-3.351151e-07
-3.610090e-07
-3.875018e-07
-4.146042e-07
-4.423227e-07
-4.706590e-07
-4.996105e-07
-5.291694e-07
-5.593236e-07
-5.900557e-07
-6.213438e-07
-6.531607e-07
-6.854747e-07
-7.182490e-07
-7.514420e-07
-7.850077e-07
-8.188950e-07
-8.530488e-07
-8.874092e-07
-9.219125e-07
-9.564906e-07
-9.910720e-07
-1.025581e-06
-1.059940e-06
-1.094066e-06
-1.127875e-06
-1.161279e-06
-1.194190e-06
-1.226516e-06
-1.258163e-06
-1.289038e-06
-1.319045e-06
-1.348088e-06
-1.376071e-06
-1.402898e-06
-1.428473e-06
-1.452702e-06
-1.475489e-06
-1.496744e-06
-1.516376e-06
-1.534297e-06
-1.550421e-06
-1.564666e-06
-1.576953e-06
-1.587205e-06
-1.595352e-06
-1.601326e-06
-1.605064e-06
-1.606508e-06
-1.605605e-06
-1.602307e-06
-1.596572e-06
-1.588364e-06
-1.577653e-06
-1.564414e-06
-1.548629e-06
-1.530288e-06
-1.509385e-06
-1.485922e-06
-1.459908e-06
-1.431359e-06
-1.400295e-06
-1.366747e-06
-1.330750e-06
-1.292347e-06
-1.251586e-06
-1.208523e-06
-1.163221e-06
-1.115747e-06
-1.066178e-06
-1.014592e-06
-9.610760e-07
-9.057225e-07
-8.486284e-07
-7.898956e-07
-7.296313e-07
-6.679466e-07
-6.049572e-07
-5.407823e-07
-4.755447e-07
-4.093703e-07
-3.423878e-07
-2.747281e-07
-2.065243e-07
-1.379110e-07
-6.902409e-08
-1.016964e-13
-1.016964e-13
1.432916e-06
2.864671e-06
4.294108e-06
5.720068e-06
7.141395e-06
8.556935e-06
9.965536e-06
1.136605e-05
1.275734e-05
1.413826e-05
1.550768e-05
1.686447e-05
1.820751e-05
1.953569e-05
2.084790e-05
2.214304e-05
2.342002e-05
2.467776e-05
2.591519e-05
2.713126e-05
2.832490e-05
2.949509e-05
3.064079e-05
3.176100e-05
3.285471e-05
3.392093e-05
3.495870e-05
3.596705e-05
3.694504e-05
3.789175e-05
3.880626e-05
3.968767e-05
4.053512e-05
4.134773e-05
4.212466e-05
4.286509e-05
4.356822e-05
4.423326e-05
4.485944e-05
4.544601e-05
4.599225e-05
4.649745e-05
4.696093e-05
4.738203e-05
4.776010e-05
4.809453e-05
4.838472e-05
4.863010e-05
4.883011e-05
4.898424e-05
4.909199e-05
4.915286e-05
4.916642e-05
4.913223e-05
4.904989e-05
4.891902e-05
4.873927e-05
4.851031e-05
4.823185e-05
4.790360e-05
4.752532e-05
4.709678e-05
4.661780e-05
4.608820e-05
4.550783e-05
4.487660e-05
4.419440e-05
4.346117e-05
4.267689e-05
4.184155e-05
4.095516e-05
4.001778e-05
3.902948e-05
3.799037e-05
3.690057e-05
3.576024e-05
3.456958e-05
3.332878e-05
3.203810e-05
3.069779e-05
2.930815e-05
2.786950e-05
2.638220e-05
2.484660e-05
2.326312e-05
2.163217e-05
1.995422e-05
1.822973e-05
1.645922e-05
1.464322e-05
1.278228e-05
1.087697e-05
8.927910e-06
6.935723e-06
4.901063e-06
2.824608e-06
7.070578e-07
-1.450863e-06
-3.648407e-06
-5.884805e-06
-8.159265e-06
8.159265e-06
1.281910e-05
1.762114e-05
2.255829e-05
2.762316e-05
3.280802e-05
3.810487e-05
4.350547e-05
4.900126e-05
5.458351e-05
6.024321e-05
6.597119e-05
7.175808e-05
7.759434e-05
8.347028e-05
8.937608e-05
9.530183e-05
1.012375e-04
1.071730e-04
1.130983e-04
1.190030e-04
1.248772e-04
1.307105e-04
1.364930e-04
1.422144e-04
1.478647e-04
1.534341e-04
1.589126e-04
1.642907e-04
1.695586e-04
1.747071e-04
1.797269e-04
1.846090e-04
1.893445e-04
1.939248e-04
1.983417e-04
2.025870e-04
2.066528e-04
2.105317e-04
2.142164e-04
2.176999e-04
2.209756e-04
2.240373e-04
2.268790e-04
2.294950e-04
2.318802e-04
2.340296e-04
2.359387e-04
2.376033e-04
2.390198e-04
2.401846e-04
2.410948e-04
2.417478e-04
2.421413e-04
2.422736e-04
2.421431e-04
2.417488e-04
2.410900e-04
2.401665e-04
2.389784e-04
2.375261e-04
2.358105e-04
2.338328e-04
2.315947e-04
2.290980e-04
2.263451e-04
2.233388e-04
2.200818e-04
2.165777e-04
2.128301e-04
2.088430e-04
2.046206e-04
2.001676e-04
1.954889e-04
1.905896e-04
1.854753e-04
1.801515e-04
1.746243e-04
1.689000e-04
1.629849e-04
1.568858e-04
1.506096e-04
1.441633e-04
1.375543e-04
1.307901e-04
1.238782e-04
1.168267e-04
1.096434e-04
1.023364e-04
9.491410e-05
8.738483e-05
7.975710e-05
7.203953e-05
6.424083e-05
5.636980e-05
4.843532e-05
4.044632e-05
3.241180e-05
2.434081e-05
1.624244e-05
8.125789e-06
0.000000e+00
0.000000e+00
0.000000e+00
0.000000e+00
0.000000e+00
0.000000e+00
0.000000e+00
0.000000e+00
0.000000e+00
0.000000e+00
0.000000e+00
0.000000e+00
0.000000e+00
0.000000e+00
0.000000e+00
0.000000e+00
0.000000e+00
0.000000e+00
0.000000e+00
0.000000e+00
0.000000e+00
0.000000e+00
0.000000e+00
0.000000e+00
0.000000e+00
0.000000e+00
0.000000e+00
0.000000e+00
0.000000e+00
0.000000e+00
0.000000e+00
0.000000e+00
0.000000e+00
0.000000e+00
0.000000e+00
0.000000e+00
0.000000e+00
0.000000e+00
0.000000e+00
0.000000e+00
0.000000e+00
0.000000e+00
0.000000e+00
0.000000e+00
0.000000e+00
0.000000e+00
0.000000e+00
0.000000e+00
0.000000e+00
0.000000e+00
0.000000e+00
0.000000e+00
0.000000e+00
0.000000e+00
0.000000e+00
0.000000e+00
0.000000e+00
0.000000e+00
0.000000e+00
0.000000e+00
0.000000e+00
0.000000e+00
0.000000e+00
0.000000e+00
0.000000e+00
0.000000e+00
0.000000e+00
0.000000e+00
0.000000e+00
0.000000e+00
0.000000e+00
0.000000e+00
0.000000e+00
0.000000e+00
0.000000e+00
0.000000e+00
0.000000e+00
0.000000e+00
0.000000e+00
0.000000e+00
0.000000e+00
0.000000e+00
0.000000e+00
0.000000e+00
0.000000e+00
0.000000e+00
0.000000e+00
0.000000e+00
0.000000e+00
0.000000e+00
0.000000e+00
0.000000e+00
0.000000e+00
0.000000e+00
0.000000e+00
0.000000e+00
0.000000e+00
0.000000e+00
0.000000e+00
0.000000e+00
0.000000e+00
0.000000e+00
0.000000e+00
1.003642e-13
6.594041e-06
1.318096e-05
1.975366e-05
2.630503e-05
3.282803e-05
3.931563e-05
4.576086e-05
5.215680e-05
5.849660e-05
6.477350e-05
7.098080e-05
7.711191e-05
8.316035e-05
8.911973e-05
9.498379e-05
1.007464e-04
1.064016e-04
1.119435e-04
1.173663e-04
1.226646e-04
1.278330e-04
1.328663e-04
1.377593e-04
1.425073e-04
1.471056e-04
1.515496e-04
1.558352e-04
1.599582e-04
1.639147e-04
1.677011e-04
1.713138e-04
1.747497e-04
1.780057e-04
1.810789e-04
1.839667e-04
1.866668e-04
1.891770e-04
1.914953e-04
1.936200e-04
1.955496e-04
1.972828e-04
1.988185e-04
2.001558e-04
2.012942e-04
2.022331e-04
2.029725e-04
2.035121e-04
2.038523e-04
2.039935e-04
2.039362e-04
2.036812e-04
2.032295e-04
2.025824e-04
2.017411e-04
2.007072e-04
1.994824e-04
1.980686e-04
1.964679e-04
1.946824e-04
1.927146e-04
1.905670e-04
1.882423e-04
1.857433e-04
1.830729e-04
1.802342e-04
1.772306e-04
1.740652e-04
1.707416e-04
1.672634e-04
1.636342e-04
1.598578e-04
1.559382e-04
1.518793e-04
1.476851e-04
1.433600e-04
1.389080e-04
1.343335e-04
1.296409e-04
1.248347e-04
1.199193e-04
1.148994e-04
1.097797e-04
1.045647e-04
9.925925e-05
9.386816e-05
8.839623e-05
8.284834e-05
7.722940e-05
7.154435e-05
6.579816e-05
5.999583e-05
5.414239e-05
4.824289e-05
4.230240e-05
3.632600e-05
3.031879e-05
2.428589e-05
1.823242e-05
1.216352e-05
6.084336e-06
0.000000e+00
0.000000e+00
6.084336e-06
1.216352e-05
1.823242e-05
2.428589e-05
3.031879e-05
3.632600e-05
4.230240e-05
4.824289e-05
5.414239e-05
5.999583e-05
6.579816e-05
7.154435e-05
7.722940e-05
8.284834e-05
8.839623e-05
9.386816e-05
9.925925e-05
1.045647e-04
1.097797e-04
1.148994e-04
1.199193e-04
1.248347e-04
1.296409e-04
1.343335e-04
1.389080e-04
1.433600e-04
1.476851e-04
1.518793e-04
1.559382e-04
1.598578e-04
1.636342e-04
1.672634e-04
1.707416e-04
1.740652e-04
1.772306e-04
1.802342e-04
1.830729e-04
1.857433e-04
1.882423e-04
1.905670e-04
1.927146e-04
1.946824e-04
1.964679e-04
1.980686e-04
1.994824e-04
2.007072e-04
2.017411e-04
2.025824e-04
2.032295e-04
2.036812e-04
2.039362e-04
2.039935e-04
2.038523e-04
2.035121e-04
2.029725e-04
2.022331e-04
2.012942e-04
2.001558e-04
1.988185e-04
1.972828e-04
1.955496e-04
1.936200e-04
1.914953e-04
1.891770e-04
1.866668e-04
1.839667e-04
1.810789e-04
1.780057e-04
1.747497e-04
1.713138e-04
1.677011e-04
1.639147e-04
1.599582e-04
1.558352e-04
1.515496e-04
1.471056e-04
1.425073e-04
1.377593e-04
1.328663e-04
1.278330e-04
1.226646e-04
1.173663e-04
1.119435e-04
1.064016e-04
1.007464e-04
9.498379e-05
8.911973e-05
8.316035e-05
7.711191e-05
7.098080e-05
6.477350e-05
5.849660e-05
5.215680e-05
4.576086e-05
3.931563e-05
3.282803e-05
2.630503e-05
1.975366e-05
1.318096e-05
6.594041e-06
1.003642e-13
